-0.0251,-33.5394,-0.1468,-33.4907
-0.0251,-33.9775,0.0723,-33.8802
-0.0494,-14.3348,-0.6579,-13.5073
-0.0494,-24.7525,0.3887,-24.3387
-0.0494,-24.7525,0.4131,-24.3387
0.0723,-33.6368,-0.0251,-33.5394
0.0723,-33.8802,0.0966,-33.7585
-0.0738,-14.3348,-0.6823,-13.5073
-0.0738,-23.8763,-0.2441,-23.8763
-0.0738,-24.7038,0.1696,-25.0203
0.0966,-33.7585,0.0723,-33.6368
-0.0981,-10.1239,0.4617,-10.0509
0.1210,-15.4058,0.1210,-15.5519
0.1210,-15.5519,0.1940,-15.6736
0.1210,-26.7241,0.7051,-26.3833
-0.1224,-19.4463,-0.1224,-22.7323
-0.1224,-22.7323,-0.0738,-23.8763
-0.1224,-9.8805,-0.0981,-10.1239
-0.1224,-9.8805,-0.5119,-6.8867
-0.1468,-33.4907,-0.2685,-33.5151
-0.1468,-34.0262,-0.0251,-33.9775
-0.1711,36.7070,-0.2441,36.0498
0.1940,-15.2841,0.1210,-15.4058
0.1940,-15.6736,0.3157,-15.7466
0.1940,-27.1622,0.7538,-26.8215
-0.1955,35.9524,-0.2928,34.5164
-0.2198,36.8774,-2.6052,37.0478
0.2427,38.8246,0.5104,38.8003
-0.2441,-23.8763,-4.2116,-23.4381
-0.2441,36.0498,-2.7269,36.2445
-0.2685,-23.2921,-1.2908,-23.4138
-0.2685,-33.5151,-0.3658,-33.5881
-0.2685,-34.0019,-0.1468,-34.0262
-0.2685,34.4190,-0.4145,32.5204
0.2913,36.1958,-0.0738,31.2791
-0.2928,-18.4970,-0.1224,-19.4463
-0.2928,-19.4220,-0.2928,-22.7323
-0.2928,-22.7323,-0.2685,-23.2921
-0.2928,-25.3610,0.1696,-24.9959
0.3157,-15.2111,0.1940,-15.2841
0.3157,-15.7466,0.4374,-15.7709
0.3157,43.8387,-0.2198,36.8774
0.3157,43.8387,-2.1427,43.1572
-0.3172,-19.2759,-0.4389,-18.5214
0.3400,36.7800,0.3157,36.3175
-0.3415,-27.2596,-1.0717,-27.5517
-0.3415,-27.2839,-1.0717,-27.5760
0.3644,37.1451,0.4861,38.5812
-0.3658,-33.5881,-0.4389,-33.6855
-0.3658,-33.9289,-0.2685,-34.0019
0.3887,-15.0650,-1.9480,-15.3815
0.3887,-24.3387,0.7782,-23.8763
-0.3902,32.3501,-0.6579,32.3744
-0.3902,3.2389,8.7375,4.0665
0.4131,-24.3387,0.8025,-23.9006
-0.4145,-2.4324,-0.3172,-3.0165
-0.4145,-2.4324,1.9952,-2.1160
-0.4145,-27.4543,0.1940,-27.1622
-0.4145,32.5204,-0.6336,32.5204
0.4374,-15.1867,0.3157,-15.2111
0.4374,-15.7709,0.5834,-15.7222
0.4374,-9.7832,0.5591,-9.7832
-0.4389,-10.9272,5.3785,-10.1726
-0.4389,-18.5214,-0.2928,-18.4970
-0.4389,25.7782,-0.4632,25.8999
-0.4389,-3.0409,-0.3172,-3.0165
-0.4389,-33.6855,-0.4389,-33.8315
-0.4389,-33.8315,-0.3658,-33.9289
0.4617,-10.0509,0.4374,-9.7832
0.4617,-15.2111,-0.0738,-14.3348
0.4617,-26.8458,-0.3415,-27.2596
0.4617,-26.8458,-0.3415,-27.2839
-0.4632,25.6565,-0.4389,25.7782
-0.4632,25.8999,-0.5606,25.9972
-0.4632,31.1817,-0.3902,32.3501
-0.4632,31.1817,3.6747,30.8896
0.4861,38.5812,4.1128,38.3135
-0.4875,-27.0162,0.1210,-26.7241
-0.4875,-2.7975,-0.4389,-3.0409
-0.4875,-2.7975,-1.0474,-2.8705
0.5104,-12.1685,-0.0981,-11.5113
0.5104,-15.2111,-0.0494,-14.3348
0.5104,-31.5922,0.6565,-32.7849
0.5104,38.8003,0.4861,38.7029
0.5104,42.5974,0.2427,38.8246
-0.5119,-25.0203,-0.0981,-24.7038
0.5348,-29.0364,-0.5849,-29.1825
-0.5362,-29.4746,-0.9257,-29.5232
-0.5362,-6.8136,4.3805,-6.1808
0.5591,43.1815,0.5348,42.7191
0.5591,-9.7832,0.6321,-10.3673
-0.5606,25.5591,-0.4632,25.6565
-0.5606,25.9972,-0.6823,26.0216
0.5834,-15.2354,0.4374,-15.1867
0.5834,-15.7222,0.6808,-15.6249
-0.5849,-29.1825,-0.5362,-29.4746
-0.5849,-6.3999,4.3805,-5.7427
-0.5849,-6.4729,-0.5362,-6.8136
-0.5849,-6.4729,4.3319,-5.8157
-0.6092,32.3501,-0.5849,32.5204
0.6321,-31.6895,0.8755,-31.6652
0.6565,-32.7849,0.4374,-34.0749
-0.6579,-13.5073,-1.3395,-12.7284
-0.6579,32.3744,-0.6336,32.5204
0.6808,-12.2172,0.0236,-11.4870
0.6808,-15.3328,0.5834,-15.2354
0.6808,-15.6249,0.7051,-15.4788
0.6808,-31.9816,0.6321,-31.6895
-0.6823,-13.5073,-1.3638,-12.7527
-0.6823,25.5347,-0.5606,25.5591
-0.6823,26.0216,-0.8040,25.9972
0.7051,-15.4788,0.6808,-15.3328
0.7051,-26.3833,1.2406,-25.9695
0.7051,-29.0364,1.0459,-31.6895
0.7538,-26.8215,1.2893,-26.4077
0.7782,-23.8763,1.1189,-23.3895
0.7782,-28.8904,-2.1427,-29.2555
0.8025,-23.9006,1.1433,-23.3895
0.8025,-29.0364,0.7782,-28.8904
-0.8040,25.5591,-0.6823,25.5347
-0.8040,25.9972,-0.9013,25.8999
-0.8283,-25.6531,-0.2928,-25.3610
0.8755,-16.0143,0.6808,-15.6005
0.8755,-31.5435,0.5104,-31.5922
0.8755,-31.5435,0.5348,-29.0364
0.8755,-31.6652,0.9242,-31.9573
0.8755,36.1715,0.2913,36.1958
0.8755,36.1715,0.8999,36.2932
0.8999,-16.0143,0.6808,-15.5762
0.8999,36.2932,0.3157,36.3175
-0.9013,25.6565,-0.8040,25.5591
-0.9013,25.8999,-0.9257,25.7782
0.9242,-31.9573,0.6808,-31.9816
0.9242,36.7313,0.3400,36.7800
0.9242,36.7313,0.9485,37.0964
0.9242,43.2789,1.1676,43.2546
-0.9257,25.7782,-0.9013,25.6565
-0.9257,-29.5232,-0.9744,-29.2312
0.9485,37.0964,0.3644,37.1451
0.9485,43.7170,0.9242,43.2789
-0.9744,-29.2312,-2.1184,-29.3772
-0.9987,-25.3124,-0.5119,-25.0203
10.0032,10.8818,10.0275,11.0035
10.0032,11.1252,9.9058,11.2226
10.0032,41.9645,9.1026,29.8917
10.0275,11.0035,10.0032,11.1252
10.0275,24.9506,10.0519,24.8289
-10.0290,-21.0284,-8.7876,-22.2941
-10.0290,-9.8805,-10.5645,-10.1239
10.0519,24.8289,10.1492,24.7315
10.0519,25.0723,10.0275,24.9506
10.0519,38.4108,10.0275,38.2891
-10.0533,-20.4443,-10.1750,-20.4686
-10.0533,-21.0284,-9.9073,-20.9798
-10.0533,-9.8562,-10.5888,-10.0996
-10.0777,40.9422,-10.1020,41.0396
10.1005,-25.8235,10.7090,-30.4969
-10.1020,41.0396,-9.5665,41.1856
10.1249,41.8185,9.8571,38.4108
10.1249,-9.4424,7.9342,-9.7102
10.1249,-9.5398,10.2466,-9.5154
-10.1263,-30.4238,-10.9783,-30.5455
-10.1263,41.1613,-10.7592,43.4980
10.1492,24.7315,10.2709,24.7072
10.1492,25.1696,10.0519,25.0723
-10.1507,-30.3021,-10.1263,-30.4238
-10.1507,-30.3021,-10.9296,-30.3995
-10.1750,-20.4686,-10.2967,-20.5416
-10.1750,-21.0041,-10.0533,-21.0284
-10.1750,-24.9959,-9.4448,-25.5314
10.1979,-9.1260,11.6583,-8.9313
-10.1994,-10.1726,-10.6862,-10.2456
-10.1994,-22.6106,-9.5665,-23.1947
-10.1994,-22.6106,-9.5909,-23.2191
1.0216,-31.9086,0.6321,-34.0749
10.2222,-25.8235,13.2891,-25.4097
-10.2237,-0.4121,-10.2237,-0.5338
-10.2237,-0.4121,-11.7572,-0.5338
-1.0230,-2.4080,5.1107,-1.6048
-1.0230,-3.1139,-0.5849,-6.3999
-1.0230,-3.1139,-1.0474,-2.8705
10.2466,-10.4160,10.3683,-10.4160
10.2709,24.4638,8.7375,4.0665
10.2709,24.7072,10.3926,24.7315
10.2709,25.1940,10.1492,25.1696
-10.2724,-16.9149,-10.2967,-16.7689
-10.2724,-25.0446,-9.5665,-25.5801
10.2953,-10.8298,10.2466,-10.4160
10.2953,-6.6433,9.5650,-6.7406
-10.2967,-10.0266,-10.4915,-10.0753
-10.2967,-16.7689,-10.3941,-16.6715
-10.2967,-17.0610,-10.2724,-16.9149
-10.2967,-20.5416,-10.3697,-20.6633
-10.2967,-20.9311,-10.1750,-21.0041
10.3196,-11.1706,10.2709,-10.8298
10.3196,-6.8136,10.2953,-6.6433
10.3683,-10.4160,10.4170,-10.8542
10.3683,-11.4140,10.3439,-11.1462
-10.3697,-20.6633,-10.3697,-20.8094
-10.3697,-20.8094,-10.2967,-20.9311
10.3926,24.7315,10.4900,24.8289
10.3926,25.1696,10.2709,25.1940
-10.3941,-16.6715,-10.5401,-16.6228
-10.3941,-17.1583,-10.2967,-17.0610
-10.3941,-7.5682,-11.0269,-7.8603
1.0459,-31.6895,1.2650,-31.6652
10.4656,-11.1219,10.5143,-11.5600
10.4656,24.6342,8.9079,3.8961
10.4656,41.9158,10.4900,42.3783
-1.0474,-24.8256,-1.0717,-24.6795
-1.0474,-27.6977,-0.4145,-27.4543
-1.0474,-27.6977,-1.1204,-27.2596
10.4900,24.8289,10.5143,24.9506
10.4900,25.0723,10.3926,25.1696
10.4900,42.3783,23.5364,41.3804
-10.4915,40.8205,-10.0777,40.9422
10.5143,-11.5600,7.2284,-11.1219
10.5143,24.9506,10.4900,25.0723
-10.5158,-20.5173,-10.3697,-20.6633
-10.5158,-20.5173,-10.9052,-16.5985
-10.5158,45.5426,-10.7349,45.3722
-10.5158,45.5426,-8.1548,47.1003
10.5387,27.0439,10.5387,27.1899
10.5387,27.1899,10.5630,27.3846
-10.5401,-16.6228,-10.6618,-16.6472
-10.5401,-17.2070,-10.3941,-17.1583
-10.5645,-10.1239,-11.0756,-10.4160
-10.5888,-10.0996,-11.0756,-10.4160
-10.6618,-16.6472,-10.7835,-16.7202
-10.6618,-17.1827,-10.5401,-17.2070
-10.6618,-20.5660,-8.6416,-22.6593
-10.6862,-10.2456,-10.8809,-10.2700
-10.6862,41.5264,-10.4915,40.8205
-10.6862,-8.3228,-11.3920,-8.6392
1.0702,-12.8501,0.5104,-12.1685
10.7090,-30.4969,10.8307,-30.4725
-1.0717,-10.2213,-0.4389,-10.7568
-1.0717,-10.2213,-0.4632,-10.7568
-1.0717,-24.6795,-1.1691,-24.5821
-1.0717,-24.9716,-1.0474,-24.8256
10.7334,-13.7507,11.3176,-13.6776
-10.7349,-19.7384,-10.6618,-20.5660
-10.7349,45.3722,-10.9052,45.1288
10.7577,-13.8967,10.7334,-13.7507
10.7577,-13.8967,11.3419,-13.8237
-10.7592,-21.9777,-10.1994,-22.6106
-10.7592,43.4980,-10.9783,44.3012
-10.7835,-16.7202,-10.8566,-16.8419
-10.7835,-17.1096,-10.6618,-17.1827
-10.7835,-21.9777,-10.1994,-22.6106
10.8307,-30.4725,10.2222,-25.8235
10.8307,36.8530,10.8307,37.0234
10.8307,37.0234,11.4393,36.9747
-10.8566,-16.8419,-10.8566,-16.9879
-10.8566,-16.9879,-10.7835,-17.1096
-10.8566,-24.4118,-10.1750,-24.9959
-10.9052,-12.0712,-10.9296,-11.9251
-10.9052,-16.5985,-1.9480,-15.4302
-10.9052,-20.0548,-10.9539,-19.7627
-10.9052,45.1288,-11.0026,44.8610
10.9281,38.2161,11.3906,38.1918
10.9281,38.3378,10.9281,38.2161
-10.9296,-11.9251,-11.0269,-11.8278
-10.9296,-12.2172,-10.9052,-12.0712
-10.9539,-19.7627,-10.7349,-19.7384
-10.9539,-24.4604,-10.2724,-25.0446
-10.9539,-5.3289,-12.7551,-5.4993
-1.0961,-1.9942,-1.0230,-2.4080
-10.9783,-5.2072,-10.9539,-5.3289
-11.0026,-30.4238,-10.9783,-30.5455
-11.0026,44.8610,-11.0269,44.5689
-11.0269,-11.8278,-11.1730,-11.7791
-11.0269,-12.3146,-10.9296,-12.2172
-11.0269,-16.9149,-11.2947,-16.9393
-11.0269,-20.0792,-10.9052,-20.0548
-11.0269,44.5689,-10.9783,44.3012
-11.0269,-7.8603,-11.6111,-8.2011
-11.0756,-10.4160,-11.5381,-10.7811
-11.0756,-10.4160,-11.5624,-10.7568
-11.0756,-16.4525,-11.0269,-16.9149
11.1472,-4.8177,11.1715,-4.9881
11.1715,-4.9881,11.2932,-4.9638
-11.1730,-11.7791,-11.2947,-11.8034
-11.1730,-12.3633,-11.0269,-12.3146
1.1189,-23.3895,1.4110,-22.8540
1.1189,42.5487,0.5104,42.5974
1.1189,42.5487,1.1189,42.6704
1.1189,42.6704,0.5348,42.7191
11.1959,40.4554,11.2689,38.3135
11.1959,41.7455,10.1249,41.8185
11.1959,41.7455,11.1959,40.4554
11.1959,-6.5459,11.3662,-6.5216
11.2202,-6.6919,11.1959,-6.5459
11.2202,-6.6919,11.3662,-6.6676
11.2689,38.3135,10.9281,38.3378
11.2689,-4.8177,13.4352,-4.5257
-11.2703,-21.2962,-10.7592,-21.9777
11.2932,36.8287,10.8307,36.8530
11.2932,36.8287,11.4879,34.1756
11.2932,-4.9638,11.2689,-4.8177
11.2932,-5.8644,11.3662,-6.5216
-11.2947,-11.8034,-11.4164,-11.8765
-11.2947,-12.3389,-11.1730,-12.3633
-11.2947,-16.9393,-11.3434,-16.6472
-11.2947,-21.3205,-10.7835,-21.9777
11.3176,-13.6776,11.3419,-13.8237
11.3176,40.4554,11.3906,38.1918
11.3176,41.3560,11.3176,40.4554
11.3176,41.8672,10.0032,41.9645
11.3176,42.1836,11.3176,41.3560
11.3662,-6.6676,11.6583,-8.9313
11.3906,27.1412,11.3906,26.9465
11.4149,-5.8644,11.2932,-5.8644
-11.4164,-11.8765,-11.4894,-11.9982
-11.4164,-12.2659,-11.2947,-12.3389
1.1433,-23.3895,1.4353,-22.8540
11.4393,36.9747,11.6340,34.2730
-11.4407,-16.6472,-11.0269,-20.0792
-1.1447,-27.2596,-0.4875,-27.0162
-11.4651,41.3073,-10.6132,41.5264
-11.4651,41.3073,-11.3190,40.6988
11.4879,34.1756,11.7313,31.5468
-11.4894,-11.9982,-11.4894,-12.1442
-11.4894,-12.1442,-11.4164,-12.2659
-11.5137,-23.8033,-10.8566,-24.4118
-11.5137,41.4777,-10.6618,41.7211
11.5366,26.9465,11.3906,26.9465
-11.5381,-10.7811,-11.9519,-11.1949
-11.5381,40.8205,-12.3900,44.0091
11.5610,27.1169,11.3906,27.1412
11.5610,27.1169,11.5366,26.9465
11.5610,31.5225,11.7313,31.5468
-11.5624,-10.7568,-11.9762,-11.1706
-11.5624,-8.2984,-11.9519,-8.5175
-11.5624,-8.3228,-11.9519,-8.5175
11.5853,-7.2031,11.4149,-5.8644
-11.5868,-0.6555,-10.2237,-0.5338
-11.5868,-0.6555,-10.9783,-5.2072
-11.5868,-1.5561,-11.1486,-4.8177
11.6096,31.0844,11.5610,31.5225
11.6096,31.0844,11.8044,31.0600
11.6096,-7.3248,11.8530,-9.2964
-11.6111,-1.4344,-12.2926,-1.4831
-11.6111,-23.8276,-10.9539,-24.4604
-11.6111,-8.2011,-11.3920,-8.6148
11.6340,34.2730,11.8774,31.5468
-11.6598,-0.9720,-11.6111,-1.4344
1.1676,-32.0790,0.7782,-34.2453
1.1676,43.1329,0.5591,43.1815
1.1676,43.1329,1.1676,43.2546
-11.6841,-34.0992,-11.6841,-34.4157
-11.6841,-34.0992,-12.6091,-34.1236
-11.6841,-34.5374,-12.4874,-34.5374
-1.1691,-24.5821,-1.3151,-24.5335
-1.1691,-25.0690,-1.0717,-24.9716
11.7313,-9.2234,10.2466,-9.4181
-11.7328,-20.5903,-11.2703,-21.2962
-11.7328,40.6015,-11.3190,40.6988
11.7557,-1.0206,11.8530,-1.8969
-11.7572,-0.6555,-11.7572,-0.5338
-11.7572,-20.5903,-11.2947,-21.3205
-11.7815,40.7718,-11.5381,40.8205
11.8044,31.0600,11.9504,29.8430
11.8287,-0.9233,11.9504,-1.8725
11.8530,-10.2213,11.9747,-10.1970
11.8530,-9.2964,11.7313,-9.3207
11.8774,31.5468,12.0234,31.5712
1.1919,-26.3103,0.4617,-26.8458
11.9261,-10.7568,11.8530,-10.2213
11.9504,-1.8725,14.5061,-1.5561
11.9504,31.0600,12.1208,29.6726
-11.9519,-11.1949,-12.3413,-11.6331
-11.9519,-8.5175,-12.7064,-9.0286
-11.9519,-8.5175,-12.7064,-9.0530
-11.9762,-11.1706,-12.3657,-11.6331
-12.0006,-0.6799,-11.7572,-0.6555
12.0234,-10.6594,11.9747,-10.1970
-12.0249,-0.5582,-12.0006,-0.6799
-12.0249,-0.5582,-12.1953,-0.5825
12.0964,31.0357,11.9504,31.0600
12.0964,31.0357,12.0234,31.5712
-12.0979,-23.1217,-11.5137,-23.8033
-12.1466,-19.8358,-11.7328,-20.5903
1.2163,43.6927,0.9485,43.7170
1.2163,43.6927,1.2406,44.1308
-12.1709,-19.8601,-11.7572,-20.5903
-12.1709,-30.6916,-12.1953,-30.5699
-12.1709,-30.6916,-13.0472,-30.8133
12.1938,-13.5559,14.2141,-13.2882
-12.1953,-0.5825,-12.2440,-1.0450
-12.1953,-23.1704,-11.6111,-23.8276
12.2181,-13.5559,12.2425,-13.7020
12.2425,-13.7020,13.1918,-13.5803
-12.2440,-1.0450,-11.6598,-0.9720
-12.2440,-30.5699,-13.1689,-30.6916
12.2668,26.7761,12.3155,26.9708
-12.2683,44.2282,-11.5137,41.4777
-12.2683,44.2282,-12.6821,44.1308
-12.2926,-1.4831,-12.3170,-1.6048
-12.3170,-1.6048,-11.5868,-1.5561
-12.3413,-11.6331,-12.6577,-12.1442
-12.3657,-11.6331,-12.6821,-12.1199
12.3885,41.7698,12.4129,42.1106
-12.3900,44.0091,-12.6334,43.9361
1.2406,-25.9695,1.7274,-25.5071
1.2406,44.1308,4.5266,43.8874
12.4129,26.7031,12.2425,26.7761
12.4129,26.7274,12.4859,26.8978
12.4129,42.1106,11.3176,42.1836
-12.4143,-35.0972,-12.4874,-34.5374
12.4859,26.8978,12.3155,26.9465
-12.5117,-19.0812,-12.1466,-19.8358
-12.5360,-19.0812,-12.1709,-19.8601
-12.6334,-34.9512,-12.6821,-34.5617
1.2650,-12.9718,0.6808,-12.2172
1.2650,-31.6652,1.2893,-31.8843
-12.6577,-12.1442,-12.9255,-12.6553
-12.6577,-22.4158,-12.0979,-23.1217
-1.2664,-4.4526,-0.4389,-10.9272
-1.2664,-4.4526,-2.7755,-4.5987
-12.6821,-12.1199,-12.9498,-12.6553
-12.6821,-34.5617,-12.7308,-34.1236
-12.7064,-4.9638,-11.1486,-4.8177
-12.7064,-9.0286,-13.3636,-9.6371
-12.7064,-9.0530,-13.3636,-9.6615
-12.7308,1.6081,-12.7551,1.7298
-12.7551,1.4864,-12.7308,1.6081
-12.7551,1.7298,-12.8525,1.8272
-12.7551,-22.4402,-12.1953,-23.1704
-12.7551,-5.4993,-12.7064,-4.9638
12.7780,41.7455,12.3885,41.7698
12.8023,42.0619,12.7780,41.7455
-12.8038,-18.2780,-12.5117,-19.0812
-12.8038,-34.0019,-12.8281,-33.8802
-12.8281,-18.2780,-12.5360,-19.0812
-12.8281,-33.8802,-12.9255,-33.7828
-12.8281,-34.1236,-12.8038,-34.0019
-12.8525,1.3891,-12.7551,1.4864
-12.8525,1.8272,-12.9742,1.8759
1.2893,-26.4077,1.7761,-25.9695
1.2893,-31.6409,2.3359,-31.4948
1.2893,-31.6409,2.3359,-31.5192
-1.2908,-23.4138,-4.4063,-23.0244
-12.9255,-12.6553,-13.1446,-13.2152
-12.9255,-33.7828,-13.0472,-33.7585
-12.9255,-34.2209,-12.8281,-34.1236
-12.9498,-12.6553,-13.1689,-13.1908
-12.9498,29.3562,-15.4082,38.3621
-12.9742,1.3404,-12.8525,1.3891
-12.9742,1.8759,-13.0959,1.8515
-13.0472,-17.4504,-12.8038,-18.2780
-13.0472,-30.8133,-12.6091,-34.1236
-13.0472,-33.7585,-13.1689,-33.7828
-13.0472,-34.2453,-12.9255,-34.2209
13.0701,26.3623,13.1918,26.5084
-13.0715,-17.4747,-12.8281,-18.2780
-13.0959,1.3647,-12.9742,1.3404
-13.0959,1.8515,-13.1932,1.7785
-13.1446,-13.2152,-13.2906,-13.7750
-1.3151,-24.5335,-1.4368,-24.5578
-1.3151,-25.1176,-1.1691,-25.0690
13.1674,26.2406,13.0457,26.3623
-13.1689,-13.1908,-13.3149,-13.7750
-13.1689,-21.6613,-12.6577,-22.4158
-13.1689,29.5266,-15.3839,37.7293
-13.1689,-30.6916,-12.7308,-34.1236
-13.1689,-33.7828,-13.2663,-33.8802
-13.1689,-34.2209,-13.0472,-34.2453
13.1918,-13.5803,14.2871,-21.9290
13.1918,26.2650,13.3135,26.4110
-13.1932,1.4377,-13.0959,1.3647
-13.1932,1.7785,-13.2663,1.6812
-13.2176,-16.6228,-13.0472,-17.4504
-13.2419,-16.6228,-13.0715,-17.4747
-13.2419,-21.7100,-12.7551,-22.4402
13.2648,-25.2880,9.9545,-25.7261
-13.2663,1.5351,-13.1932,1.4377
-13.2663,1.6812,-13.2663,1.5351
-13.2663,-33.8802,-13.2906,-34.0019
-13.2663,-34.1236,-13.1689,-34.2209
13.2891,-25.4097,13.2648,-25.2880
13.2891,26.4110,13.1674,26.5084
-13.2906,-13.7750,-13.3636,-14.3592
-13.2906,-34.0019,-13.2663,-34.1236
-13.3149,-13.7750,-13.3880,-14.3592
-13.3393,-15.7953,-13.2176,-16.6228
-13.3636,-14.3592,-13.3880,-14.9433
-13.3636,-15.7953,-13.2419,-16.6228
-13.3636,-9.6371,-13.9721,-10.3187
-13.3636,-9.6615,-13.9478,-10.3430
-13.3880,-14.3592,-13.4123,-14.9433
-13.3880,-14.9433,-13.3393,-15.7953
-13.3880,-28.1115,-14.2886,-28.1115
-1.3395,-12.7284,-2.0940,-12.0468
-13.4123,-14.9433,-13.3636,-15.7953
13.4352,-4.5257,13.4595,-4.7204
13.4595,-4.7204,13.8246,-4.6717
-13.5583,40.0903,-13.9721,39.9930
-13.6070,-20.8824,-13.1689,-21.6613
13.6299,-15.3085,14.4818,-21.7830
-1.3638,-12.7527,-2.0940,-12.0468
13.7029,25.7295,13.8490,25.8268
-13.7044,-20.9311,-13.2419,-21.7100
13.7516,25.5834,13.6786,25.7295
13.7759,-13.5803,14.0193,-15.2598
13.7759,-13.5803,14.2384,-13.5073
13.8003,25.6078,13.9463,25.7051
13.8003,-4.4770,14.6035,-4.3796
13.8246,-4.6717,13.8003,-4.4770
-13.8504,40.2120,-13.6070,40.2607
-13.8748,10.5897,-13.8991,10.7358
-1.3881,-25.8722,-0.8283,-25.6531
-13.8991,10.4437,-13.8748,10.5897
-13.8991,10.7358,-13.9965,10.8331
13.9220,25.7051,13.8246,25.8268
-13.9478,-10.3430,-14.4589,-11.0976
-13.9721,-10.3187,-14.4589,-11.0732
-13.9965,10.3463,-13.8991,10.4437
-13.9965,10.8331,-14.1425,10.8818
-13.9965,-20.0792,-13.6070,-20.8824
-13.9965,-24.8256,-14.0208,-24.7038
14.0193,-15.2598,13.6299,-15.3085
-14.0208,-24.7038,-14.1182,-24.6065
-14.0208,-24.9473,-13.9965,-24.8256
14.0924,24.9262,14.1654,24.7802
14.0924,24.9262,14.2871,24.9749
-14.0938,-20.1279,-13.7044,-20.9311
1.4110,-17.4017,-1.5829,-18.3023
1.4110,-22.8540,1.6301,-22.2698
-14.1182,-20.1765,-14.3859,-20.2982
-14.1182,-24.6065,-14.2399,-24.5821
-14.1182,-25.0446,-14.0208,-24.9473
-14.1425,10.2977,-13.9965,10.3463
-14.1425,10.8818,-14.2642,10.8575
-14.1425,40.5771,-13.9721,39.9930
14.1654,24.7802,14.3358,24.8289
14.2141,-13.2882,14.2384,-13.5073
14.2141,1.4377,15.3094,1.5838
-14.2399,-24.5821,-14.3616,-24.6065
-14.2399,-25.0690,-14.1182,-25.0446
-14.2642,10.3220,-14.1425,10.2977
-14.2642,10.8575,-14.3859,10.7845
14.2871,-21.9290,14.4818,-21.9047
-14.2886,-28.1115,-14.3859,-28.1358
-14.2886,-28.2332,-14.2886,-28.1115
14.3358,-22.4158,14.4575,-23.2678
14.3358,24.8289,14.2871,24.9749
1.4353,-22.8540,1.6544,-22.2941
14.3601,11.0035,14.4331,10.9062
14.3601,11.1496,14.3601,11.0035
-14.3616,-24.6065,-14.4589,-24.7038
-14.3616,-25.0446,-14.2399,-25.0690
-1.4368,-24.5578,-1.5585,-24.6308
-1.4368,-25.0933,-1.3151,-25.1176
-14.3859,10.3950,-14.2642,10.3220
-14.3859,10.7845,-14.4589,10.6628
-14.3859,-20.2982,-13.3636,-28.1115
-14.3859,-20.2982,-13.3880,-28.1115
-14.3859,-28.2575,-14.2886,-28.2332
14.4331,10.9062,14.5305,10.8331
14.4331,11.2469,14.3601,11.1496
14.4575,-23.2678,6.0600,-24.3631
14.4575,24.0013,28.0881,25.5347
14.4575,-25.1420,14.4818,-25.2637
-14.4589,10.5167,-14.3859,10.3950
-14.4589,10.6628,-14.4589,10.5167
-14.4589,-11.0732,-14.8727,-11.9008
-14.4589,-11.0976,-14.8727,-11.9008
-14.4589,-24.7038,-14.4833,-24.8256
-14.4589,-24.9473,-14.3616,-25.0446
-14.4589,43.4493,-14.7023,43.3763
14.4818,-21.9047,14.5305,-22.3915
14.4818,-25.2637,14.6522,-25.2393
14.4818,-49.5311,14.6278,-48.8008
-14.4833,-24.8256,-14.4589,-24.9473
14.5061,-1.5561,14.0924,1.5594
14.5305,10.8331,14.6522,10.8088
14.5305,11.3200,14.4331,11.2469
14.5305,-1.7995,14.8469,-4.1849
14.5305,-22.3915,14.3358,-22.4158
14.5792,-1.3371,14.2141,1.4377
-1.4612,-19.5680,-0.2928,-19.4220
14.6278,-4.5743,14.6035,-4.3796
14.6278,-48.8008,9.9788,-47.8272
-14.6293,-5.6210,-12.7551,-5.4506
14.6522,10.8088,14.7739,10.8575
14.6522,11.3443,14.5305,11.3200
14.6522,-25.2393,15.2607,-29.9127
-14.6537,-5.5966,-12.7551,-5.4262
-14.6780,29.6239,-13.1689,29.5266
-14.6780,29.6239,-14.7023,29.4779
-14.7023,29.4779,-12.9498,29.3562
-14.7023,43.3763,-13.8504,40.2120
14.7495,-22.3672,14.6765,-21.8804
14.7739,10.8575,14.8713,10.9548
14.7739,11.2956,14.6522,11.3443
14.8469,-21.7343,14.4818,-21.7830
14.8469,-21.7343,14.8713,-21.8560
14.8469,-4.1849,8.4941,-5.0125
-1.4855,-19.4220,-0.3172,-19.2759
-1.4855,-19.4220,-1.4612,-19.5680
-1.4855,-25.5314,-0.9987,-25.3124
14.8713,10.9548,14.8956,11.0765
14.8713,11.1983,14.7739,11.2956
14.8713,-21.8560,14.6765,-21.8804
-14.8727,-11.9008,-15.1161,-12.6067
-14.8727,-11.9008,-15.1405,-12.6067
-14.8727,-12.7770,-15.0431,-13.5073
-14.8727,-17.5234,-14.8971,-17.3774
-14.8727,-17.6695,-14.6537,-18.4970
14.8956,11.0765,14.8713,11.1983
14.8956,-4.5500,14.6278,-4.5743
14.8956,-4.5500,15.1877,-6.7406
-14.8971,-17.3774,-14.9944,-17.2800
-14.8971,-17.6695,-14.8727,-17.5234
14.9199,-22.3428,14.7495,-22.3672
14.9199,-22.3428,15.0416,-23.1947
-14.9214,43.5223,-14.1669,40.7475
-14.9214,43.5223,-14.5076,43.6197
14.9443,-1.3614,14.5792,-1.4101
14.9443,-1.3614,14.9930,-1.7022
14.9686,22.4435,14.7495,23.4902
14.9930,-1.7022,18.0842,-1.3127
-14.9944,-17.2800,-15.1161,-17.2070
-14.9944,-17.7668,-14.8971,-17.6695
15.0173,-1.2884,14.5792,-1.3371
15.0173,-1.2884,15.0660,-1.6048
15.0173,1.8029,16.4047,1.3404
-15.0188,-18.6187,-14.6780,-18.5214
15.0416,-23.1947,15.9422,-23.0730
-15.0431,-13.5073,-15.1405,-14.2375
15.0660,-1.6048,16.5507,-1.4101
15.0903,-13.1908,15.1390,-13.3856
15.0903,21.3725,14.9686,22.4435
-1.5098,-2.0429,-1.0961,-1.9942
-15.1161,-17.2070,-15.2622,-17.2070
-15.1161,-17.8399,-14.9944,-17.7668
15.1390,-13.3856,21.3945,-12.5823
15.1390,-27.0162,15.5041,-26.9675
-15.1405,-14.2375,-15.1648,-14.9920
15.1877,-27.4056,15.1390,-27.0162
15.1877,-6.7406,11.5853,-7.2031
-15.1891,-14.9920,-15.1891,-15.2111
-15.1891,-15.2354,-15.7733,-15.1624
15.2120,-6.8380,11.6096,-7.3248
15.2120,-6.8380,15.4554,-8.8339
-15.2135,-17.8399,-14.9944,-18.6187
15.2364,-11.0732,12.0234,-10.6594
15.2364,-11.0732,15.6015,-9.9049
15.2607,-29.9127,15.3824,-29.8884
-15.2622,-17.2070,-15.3839,-17.2800
-15.2622,-17.8399,-15.1161,-17.8399
15.3094,1.5838,16.3560,1.2430
15.3824,-11.0732,15.7475,-9.9536
15.3824,-29.8884,14.7739,-25.2150
-15.3839,-17.2800,-15.4812,-17.3774
-15.3839,-17.7668,-15.2622,-17.8399
-15.3839,37.7293,-16.1141,37.5346
15.4067,-29.5476,15.4311,-29.6693
-15.4082,-12.3876,-14.6293,-5.6210
-15.4082,37.8997,-15.5299,38.3378
15.4311,-29.4259,15.4067,-29.5476
15.4311,-29.6693,15.5284,-29.7667
-15.4326,-12.3876,-14.6537,-5.5966
15.4554,24.4638,15.5284,24.3664
15.4554,24.6098,15.4554,24.4638
15.4554,-8.8339,15.9666,-8.7609
15.4798,-8.2984,14.5792,-1.4101
-15.4812,-17.3774,-15.5056,-17.5234
-15.4812,-17.6695,-15.3839,-17.7668
15.5041,-26.9675,15.5528,-27.3570
-15.5056,-17.3774,-15.9924,-17.3287
-15.5056,-17.5234,-15.4812,-17.6695
15.5284,24.3664,15.6258,24.2934
15.5284,24.7072,15.4554,24.6098
15.5284,-29.3285,15.4311,-29.4259
15.5284,-29.7667,15.6501,-29.7910
-15.5299,38.3378,-15.4082,38.3621
15.5528,-27.3570,15.1877,-27.4056
-15.5543,1.6812,-15.7490,0.0747
-15.5543,1.6812,8.9079,3.8961
-15.5786,1.8515,-0.3902,3.2389
-15.5786,29.6970,-15.5786,29.5509
-1.5585,-18.3267,1.4110,-17.4017
-1.5585,-24.6308,-1.6315,-24.7525
-1.5585,-25.0203,-1.4368,-25.0933
15.6015,9.4944,16.0639,10.4924
15.6258,24.2934,15.7475,24.2690
15.6258,24.7802,15.5284,24.7072
-15.6273,1.6568,-15.6516,1.9246
15.6501,-29.3042,15.5284,-29.3285
15.6501,-29.7910,15.7718,-29.7667
15.6501,-31.3244,16.1126,-31.2758
15.6501,9.4944,15.7962,9.4457
-15.6516,-12.2172,-14.8971,-12.7770
-15.6516,1.9246,-15.8220,1.9002
-15.7246,39.5061,-15.6273,39.2384
15.7475,24.2690,15.8692,24.3177
15.7475,24.8045,15.6258,24.7802
15.7475,9.4457,15.8935,9.7135
15.7475,-9.9536,15.6015,-9.9049
-15.7490,0.0747,-15.8463,-0.8259
-15.7490,1.4864,-17.6719,1.3160
-15.7490,39.1897,-15.6273,39.2384
-15.7490,39.1897,-15.7977,39.3358
15.7718,-29.3285,15.6501,-29.3042
15.7718,-29.7667,15.8692,-29.6693
-15.7733,-15.1381,-16.0897,-12.3876
-15.7733,1.6812,-15.7490,1.4864
-15.7733,29.5509,-15.5786,29.5509
15.7962,-11.2679,11.9261,-10.7568
15.7962,-11.2679,15.8205,-11.1219
1.5814,-13.5803,1.0702,-12.8501
15.8205,-11.1219,15.3824,-11.0732
15.8205,-32.5171,15.6501,-31.3244
-15.8220,1.9002,-15.7977,1.7298
-15.8220,1.9002,-17.7206,1.7298
-15.8463,0.0747,-15.7003,1.4864
-15.8463,-0.8259,-15.7490,0.0747
-15.8463,-0.8259,-15.9680,-0.8016
15.8692,24.3177,15.9666,24.4151
15.8692,24.7559,15.7475,24.8045
15.8692,-29.4259,15.7718,-29.3285
15.8692,-29.6693,15.8935,-29.5476
-15.8707,40.1147,-15.7003,39.5061
15.8935,-29.5476,15.8692,-29.4259
15.8935,-9.0530,15.9666,-8.7609
15.9179,21.3482,15.1147,21.2752
15.9179,21.3482,15.9179,21.4699
15.9179,21.4699,15.1147,21.3969
-15.9194,-1.4831,-15.8463,-0.8259
-15.9194,-1.4831,-16.0411,-1.4588
15.9422,9.8352,16.3560,10.8331
-15.9437,40.0903,-14.1425,40.5771
15.9666,-23.2191,15.9422,-23.0730
15.9666,24.4151,15.9909,24.5368
15.9666,24.6585,15.8692,24.7559
-15.9680,-31.3244,-15.9924,-31.1784
15.9909,24.5368,15.9666,24.6585
-15.9924,-17.3287,-15.5056,-17.4017
-15.9924,-17.3287,-15.7490,-15.1624
-15.9924,-17.3287,-16.5522,-17.2800
-15.9924,-31.1784,-16.0897,-31.0810
-15.9924,-31.4705,-15.9680,-31.3244
-15.9924,40.2607,-14.1669,40.7475
-16.0167,-17.3287,-15.7490,-15.1624
-16.0167,-17.3287,-16.5522,-17.2557
16.0396,-9.1016,15.8935,-9.0530
16.0396,-9.1016,18.8387,-0.3878
-16.0411,-1.4588,-15.9680,-0.8016
16.0639,10.4924,16.4534,11.5147
-16.0654,-2.6758,-16.1871,-2.6514
-16.0897,-12.3876,-15.6516,-12.2172
-16.0897,-31.0810,-16.2114,-31.0080
-16.0897,-31.5678,-15.9924,-31.4705
16.1126,-31.2758,16.2587,-32.4684
-16.1141,37.5346,-16.4062,33.6644
-16.1871,-2.6514,-16.2358,-3.1139
-16.1871,-3.6981,-16.0654,-2.6758
16.2100,9.6161,15.9179,9.7135
-16.2114,-31.0080,-16.3575,-31.0080
-16.2114,-31.6409,-16.0897,-31.5678
16.2343,-8.2011,15.4798,-8.2984
-16.2358,-3.1139,-20.6414,-2.6028
-16.2358,-3.2356,-16.2845,-3.6737
16.2587,-32.4684,15.8205,-32.5171
16.2587,9.7378,15.9666,9.8108
16.2587,9.7378,16.2100,9.6161
-16.2845,-3.6737,-16.1871,-3.6981
1.6301,-22.2698,1.7761,-21.6856
-1.6315,-24.7525,-1.6315,-24.8986
-1.6315,-24.8986,-1.5585,-25.0203
-16.3331,-28.1602,-16.2114,-28.1602
-16.3331,-28.1602,-17.2337,-28.1845
-16.3331,-28.1602,-19.0349,-28.2089
-16.3331,-28.2819,-16.3331,-28.1602
-16.3331,39.1897,-15.7977,39.3358
16.3560,10.8331,16.7211,11.8798
16.3560,1.2430,16.4047,1.3404
16.3560,3.2389,16.9402,3.8231
-16.3575,-31.0080,-16.4792,-31.0810
-16.3575,-31.6409,-16.2114,-31.6409
16.3804,3.2146,16.4777,3.1172
-16.4305,-4.8664,-16.3088,-4.8908
16.4534,11.5147,16.7698,12.5613
16.4534,3.1172,17.0375,3.7257
-16.4549,32.4718,-15.6760,29.6970
-16.4549,32.4718,-16.3575,33.6644
-16.4549,37.6076,-15.4082,37.8997
-16.4549,37.6076,-16.7956,33.2263
-16.4792,-31.0810,-16.5766,-31.1784
-16.4792,-31.5678,-16.3575,-31.6409
-16.5035,39.8469,-16.3331,39.1897
-16.5035,44.5689,-16.5279,44.6906
-16.5035,-5.5479,-16.4305,-4.8664
-16.5279,44.4472,-16.5035,44.5689
-16.5279,44.6906,-16.6252,44.7880
1.6544,-18.3753,1.3867,-17.3530
1.6544,-22.2941,1.8005,-21.7100
16.5507,-1.4101,17.3296,0.9266
-16.5522,-6.8380,-16.3088,-4.8908
-16.5522,-6.8380,-16.6739,-6.8136
-16.5766,-31.1784,-16.6009,-31.3244
-16.5766,-31.4705,-16.4792,-31.5678
-16.5766,-5.9861,-16.6009,-6.2538
-16.5766,-5.9861,-16.9903,-5.9374
-16.6009,-31.3244,-16.5766,-31.4705
-16.6009,-6.2538,-21.0065,-5.7427
-16.6009,-6.3755,-21.0065,-5.8644
-16.6252,44.3499,-16.5279,44.4472
-16.6252,44.7880,-16.7469,44.8124
-16.6739,-6.8136,-16.6009,-6.3755
-16.6739,-8.0307,-16.7956,-8.0063
16.6968,-11.3896,16.7211,-11.2436
16.7211,-11.2436,17.1836,-11.2923
-16.7226,-8.4688,-16.6739,-8.0307
-16.7226,-8.4688,-16.8443,-8.4445
-16.7226,-8.4688,-16.8443,-9.3694
-16.7469,44.3255,-16.6252,44.3499
-16.7469,44.8124,-16.8686,44.7880
-16.7469,-8.4688,-16.8443,-9.3694
16.7698,11.8554,16.9158,11.8068
16.7698,12.5613,17.0375,13.6080
1.6788,-18.3753,1.4110,-17.3287
1.6788,-28.7687,1.7031,-28.9147
16.7941,12.0745,17.0862,13.2428
16.7941,-40.5495,16.7941,-40.6955
16.7941,-40.6955,16.8672,-40.8172
-16.7956,33.2263,-15.7733,29.5509
-16.7956,-8.0063,-16.8443,-8.4445
-1.6802,32.6178,-1.7046,32.4474
-1.6802,32.6178,-2.9459,32.7152
16.8185,-0.9963,17.4270,0.8779
16.8185,12.0745,16.9645,12.0258
16.8185,21.4456,16.9645,21.4699
16.8185,21.5673,16.8185,21.4456
16.8185,-22.9513,23.8042,-22.0507
-16.8200,27.0195,-16.8443,27.1412
16.8428,-23.1217,16.8185,-22.9513
16.8428,-23.1217,23.8042,-22.1968
-16.8443,26.8978,-16.8200,27.0195
-16.8443,27.1412,-16.9417,27.2386
-16.8443,-9.3694,-16.9660,-9.3451
16.8672,-40.4278,16.7941,-40.5495
16.8672,-40.8172,16.9889,-40.8902
-16.8686,44.3499,-16.7469,44.3255
-16.8686,44.7880,-16.9660,44.6906
16.9158,11.8068,16.9645,12.0258
-16.9173,-5.4993,-16.5035,-5.5479
-16.9173,-9.9536,-16.8443,-9.3694
16.9402,3.8231,17.4757,4.4560
-16.9417,26.8005,-16.8443,26.8978
-16.9417,27.2386,-17.0634,27.2629
16.9645,21.4699,17.2566,19.0602
-16.9660,44.4472,-16.8686,44.3499
-16.9660,44.6906,-16.9903,44.5689
-16.9660,-9.3694,-21.3716,-8.8582
-16.9660,-9.4911,-17.0390,-9.9536
-16.9660,-9.4911,-21.3716,-8.9799
16.9889,-40.3547,16.8672,-40.4278
16.9889,-40.8902,17.1106,-40.9146
-16.9903,44.5689,-16.9660,44.4472
-16.9903,-5.9374,-16.9173,-5.4993
1.7031,-28.9147,1.9222,-28.8904
17.0375,13.6080,17.2079,14.7033
17.0375,3.7257,17.5730,4.3829
-17.0390,-11.1706,-17.1607,-11.1462
-17.0390,-9.9536,-16.9173,-9.9536
17.0619,-11.4383,16.5507,-12.9961
-17.0634,26.7761,-16.9417,26.8005
-17.0634,27.2629,-17.1851,27.2386
17.0862,-11.4383,16.5751,-12.9961
17.0862,13.2428,17.3296,14.4355
-17.0877,-11.6087,-17.0390,-11.1706
-17.0877,-11.6087,-17.2094,-11.5844
-17.0877,-11.6087,-17.2094,-12.5093
17.1106,-40.3304,16.9889,-40.3547
17.1106,-40.9146,17.2566,-40.8659
-17.1120,-11.6087,-17.2094,-12.5093
17.1349,-11.4627,16.6968,-11.3896
-17.1607,-11.1462,-17.2094,-11.5844
17.1836,-11.2923,17.1349,-11.4627
-17.1851,26.8005,-17.0634,26.7761
-17.1851,27.2386,-17.2824,27.1412
17.2079,14.7033,17.3053,15.7742
-17.2094,-12.5093,-17.3311,-12.4850
17.2323,0.9509,17.2566,1.0726
17.2323,20.4963,17.2810,20.0095
17.2323,20.4963,17.4027,20.5206
17.2323,21.5429,17.3053,20.8857
17.2323,21.5429,24.3153,22.3462
-17.2337,-28.1845,-17.3798,-29.4502
17.2566,-40.3791,17.1106,-40.3304
17.2566,-40.8659,17.3540,-40.7685
-17.2581,-28.2089,-17.4041,-29.4259
-17.2581,-28.2089,-19.0349,-28.2332
1.7274,-25.5071,2.1656,-24.9959
17.2810,20.0095,17.2323,20.4963
17.2810,20.0095,17.4757,20.0338
-17.2824,-13.0935,-17.2094,-12.5093
-17.2824,26.8978,-17.1851,26.8005
-17.2824,27.1412,-17.3068,27.0195
-1.7289,-17.1340,-1.8506,-17.1583
-1.7289,-17.1827,-1.4368,-19.4220
17.3053,15.7742,17.3540,16.8696
17.3053,19.8878,17.4027,19.0602
17.3053,20.8857,24.3883,21.6646
-17.3068,27.0195,-17.2824,26.8978
17.3296,0.9266,17.2323,0.9509
17.3296,14.4355,17.4513,15.6525
17.3296,17.9649,17.2079,19.0602
-17.3311,-12.6310,-17.4041,-13.0935
-17.3311,-12.6310,-21.7367,-12.1199
17.3540,16.8696,17.3296,17.9649
17.3540,-40.4764,17.2566,-40.3791
17.3540,-40.7685,17.3783,-40.6225
17.3783,-40.6225,17.3540,-40.4764
17.4027,20.5206,17.4513,20.0338
17.4027,20.6667,19.5933,20.9101
-17.4041,-13.0935,-17.2824,-13.0935
-17.4041,-14.2862,-17.5258,-14.2862
17.4270,20.5206,17.2323,20.4963
17.4270,20.5206,17.4027,20.6667
-17.4285,-14.5052,-17.8179,-17.7912
-17.4285,-17.1583,-17.7449,-17.1340
17.4513,15.6525,17.5000,16.8696
17.4513,20.0338,17.2810,20.0095
17.4513,-50.1396,18.2059,-50.2856
-17.4528,-17.1827,-17.7449,-17.1340
17.4757,4.4560,17.9381,5.1375
-17.4771,-14.9433,-17.4041,-14.2862
-17.4771,-14.9433,-17.5988,-15.8439
-17.4771,-30.4238,-17.5258,-30.7159
17.5000,17.3077,17.3540,19.0845
17.5000,19.9121,17.3053,19.8878
17.5000,19.9121,17.4757,20.0338
-17.5015,-14.9433,-17.5988,-15.8439
17.5244,17.3077,17.9138,17.3564
-17.5258,-14.2862,-17.5988,-14.9433
-17.5258,-30.4238,-17.5502,-30.7159
-17.5258,-30.4482,-17.6232,-30.4238
-17.5258,-30.7159,-17.8423,-33.5151
-1.7532,-17.2070,-1.4855,-19.4220
17.5487,16.8452,17.9868,16.9182
17.5730,4.3829,18.0598,5.0645
-17.5988,-14.9433,-17.4771,-14.9433
-17.5988,-15.8439,-17.7206,-15.8439
17.6461,2.9955,17.6947,3.1416
17.6704,-1.2640,16.8185,-0.9963
17.6704,-1.2640,18.0112,-1.2397
17.6704,3.0686,16.7455,3.3606
-17.6719,1.3160,-17.6962,1.6325
-17.6719,1.3160,-18.8402,1.1943
-17.6719,-30.6916,-17.5258,-30.7159
17.6947,3.0929,16.7698,3.3850
17.6947,3.1416,17.8408,3.0929
17.7191,-24.7038,14.4575,-25.1420
17.7191,-24.7038,17.7434,-24.8256
-17.7206,-15.8439,-17.8423,-17.0610
17.7434,-24.8256,14.7739,-25.2150
1.7761,-21.6856,1.8735,-21.1015
1.7761,-25.9695,2.2386,-25.4584
-17.7692,-17.3287,-17.5988,-15.8439
-1.7776,32.0823,-1.7532,32.6178
-1.7776,-9.6858,-1.0717,-10.2213
17.7921,2.9469,17.6461,2.9955
-17.7936,-17.5964,-17.9153,-17.5721
-17.8179,-17.7912,-17.7936,-17.5964
-17.8909,-17.3287,-17.7692,-17.3287
-17.8909,-32.5901,-17.6719,-30.6916
-17.9153,-17.5721,-17.8909,-17.3287
17.9381,5.1375,18.3519,5.8677
-17.9396,-17.5964,-17.8909,-17.1827
-17.9396,-17.7668,-17.8179,-17.7912
-17.9396,-17.7668,-17.9153,-17.6208
17.9625,9.1780,17.9381,9.0563
-17.9640,-18.9839,-18.0857,-18.9595
-17.9640,-33.2230,-17.9153,-32.7118
17.9868,16.9182,17.9138,17.3564
-17.9883,-19.2759,-17.9640,-18.9839
-17.9883,-19.2759,-18.0857,-20.1765
-17.9883,-19.2759,-18.1100,-19.2759
1.8005,-21.7100,1.8978,-21.1015
18.0112,0.7075,17.4270,0.8779
18.0112,0.7075,18.0355,0.8292
18.0112,-1.2397,18.1572,-0.8503
-1.8019,0.2937,-1.5098,-2.0429
-1.8019,-9.6858,-1.0717,-10.2213
18.0355,0.8292,17.2566,1.0726
18.0598,5.0645,18.4736,5.7947
18.0842,-1.3127,18.2059,-0.9476
-18.0857,-18.9595,-18.1100,-19.2759
-18.0857,-20.1765,-18.2074,-20.1522
-18.0857,-20.1765,-18.3047,-21.9290
-18.0857,-32.5901,-17.8909,-32.5901
-18.0857,-32.5901,-18.1100,-32.7118
-18.1100,-20.1765,-17.9883,-19.2759
-18.1100,-32.7118,-17.9153,-32.7118
18.1572,-0.8503,18.5223,-0.9720
-18.1587,-33.1986,-17.9640,-33.2230
-18.1587,-33.1986,-18.1830,-33.4177
-18.1830,-33.4177,-24.5115,-34.4644
18.2059,-0.9476,18.5467,-1.0450
18.2059,-50.2856,19.1552,-45.6609
1.8248,-13.7993,1.2650,-12.9718
1.8248,-19.4220,1.6544,-18.3753
-18.3047,-21.9290,-18.4021,-22.8296
18.3519,5.8677,18.6927,6.6223
-18.3777,-21.5883,-18.2074,-20.1522
-18.4021,-21.7100,-18.4264,-21.9047
-18.4021,-22.8296,-18.5238,-22.8053
18.4250,-45.5149,17.4513,-50.1396
-18.4264,-21.9047,-18.3047,-21.9290
18.4736,5.7947,18.8387,6.5492
1.8491,-19.4220,1.6788,-18.3753
1.8491,-25.7018,1.1919,-26.3103
-1.8506,-16.2334,-1.9723,-16.2577
-1.8506,-17.2070,-1.7289,-17.1827
18.5223,-0.9720,18.9604,0.3911
-18.5238,-21.5639,-18.3777,-21.5883
-18.5238,-21.5639,-18.5481,-21.6856
-18.5238,-22.8053,-18.7428,-24.7282
18.5467,-1.0450,16.2343,-8.2011
-18.5481,-21.6856,-18.4021,-21.7100
18.6197,11.2713,18.6927,11.4660
18.6197,11.2713,19.4229,11.0035
18.6440,2.6791,18.6927,2.8252
-18.6698,-25.1420,-18.4021,-22.8296
-18.6698,-25.1420,-18.7915,-26.0426
18.6927,11.4660,20.6399,10.8331
18.6927,2.8252,25.0212,0.7806
18.6927,6.6223,18.9848,7.4011
1.8735,-21.1015,1.8978,-20.4930
1.8735,-25.7018,1.1919,-26.3103
18.7414,8.9346,17.9625,9.1780
18.7414,8.9346,19.4229,11.0035
-18.7428,-24.7282,-18.8889,-24.7038
-1.8749,0.2451,-1.2908,-4.3309
-1.8749,-11.6331,-2.3861,-11.1706
-18.7672,-24.8499,-18.7915,-25.1176
-18.7672,-26.0426,-18.6698,-25.1420
-18.7672,-26.0426,-18.8402,-26.4807
-18.7672,-26.0426,-18.8889,-26.0182
-18.7915,0.8292,-19.2053,0.8049
-18.7915,-25.1176,-18.6698,-25.1420
18.8387,6.5492,19.1065,7.3525
-18.8402,1.1943,-18.7915,0.8292
-18.8402,-26.4807,-18.9619,-26.4807
18.8874,-0.2661,19.0335,0.2207
18.8874,8.9833,19.5446,10.9792
-18.8889,-24.7038,-18.9132,-24.8256
18.9118,0.5372,18.8631,0.4155
18.9118,-24.5578,18.9361,-24.6795
-18.9132,-24.8256,-18.7672,-24.8499
18.9361,-24.6795,19.0821,-24.6552
18.9604,0.3911,18.8631,0.4155
-18.9619,-26.4807,-18.8889,-26.0182
-18.9619,-27.6734,-19.0836,-27.6734
1.8978,10.8088,1.9708,10.6871
1.8978,10.9548,1.8978,10.8088
1.8978,-20.4686,1.8248,-19.4220
1.8978,-21.1015,1.9222,-20.4930
18.9848,8.7399,17.9381,9.0563
18.9848,8.7399,19.0335,8.8859
-1.8993,-27.4543,-1.1447,-27.2596
19.0335,0.2207,18.8874,-0.2661
19.0335,0.2207,19.1795,0.1720
19.0335,-0.3148,18.8874,-0.2661
19.0335,-0.4365,18.8387,-0.3878
19.0335,-0.4365,19.0578,-0.3148
19.0335,8.8859,19.3012,8.7886
-19.0349,-28.2332,-18.9619,-27.6734
-19.0349,-28.2332,-19.3270,-28.2332
19.0578,-0.3148,18.8874,-0.2661
19.0821,-24.6552,19.6907,-29.3285
-19.0836,-27.6734,-19.1080,-27.8194
19.1065,4.4803,19.1795,4.3586
19.1065,4.6263,19.1065,4.4803
-19.1080,-27.8194,-23.5136,-27.3083
19.1552,-45.6609,18.4250,-45.5149
19.1795,0.1720,19.0335,-0.3148
19.1795,4.3586,19.3012,4.2856
19.1795,4.7480,19.1065,4.6263
19.2038,0.1477,19.0335,0.2207
19.2038,0.1477,19.2525,0.2694
-19.2053,0.8049,-19.2297,1.1700
1.9222,-20.4686,1.8491,-19.4220
1.9222,-28.8904,1.9708,-29.1581
-19.2297,1.1700,-20.2033,1.0726
19.2525,0.2694,22.3681,-0.7285
19.3012,4.2856,19.4229,4.2612
19.3012,4.8211,19.1795,4.7480
19.3012,8.7886,19.2525,8.6425
-19.3027,-27.9898,-23.7326,-27.4787
-19.3270,-28.2332,-19.3027,-27.9898
19.3986,8.5938,19.0091,7.3768
19.3986,8.5938,19.2525,8.6425
19.4229,4.2612,19.5689,4.3099
19.4229,4.8454,19.3012,4.8211
-19.4244,-21.4666,-22.7834,-21.0771
-19.4487,-21.5883,-19.4244,-21.4666
19.4716,8.7886,18.8874,8.9833
-1.9480,-15.3815,0.3887,-15.0650
-1.9480,-15.4302,-1.8506,-16.1847
-1.9480,-26.0426,-1.3881,-25.8722
19.5446,10.9792,20.1044,10.7845
19.5689,4.3099,19.6663,4.4073
19.5689,4.7967,19.4229,4.8454
19.5933,20.9101,19.6420,20.5450
19.6663,4.4073,19.6907,4.5533
19.6663,4.6994,19.5689,4.7967
19.6907,-29.3285,19.8124,-29.3042
19.6907,4.5533,19.6663,4.6994
1.9708,10.6871,2.0925,10.6141
1.9708,11.0765,1.8978,10.9548
-1.9723,-15.2841,-11.0756,-16.4525
-1.9723,-15.2841,-1.9480,-15.4302
-1.9723,-16.2090,-1.8506,-16.1847
-19.7895,-24.6065,-23.1485,-24.2170
19.8124,-29.3042,19.2038,-24.6552
-19.8138,-24.7282,-19.7895,-24.6065
1.9952,-2.1160,2.0682,-2.7001
1.9952,-42.4723,1.9952,-42.6184
1.9952,-42.6184,2.0682,-42.7401
1.9952,-46.2451,2.7497,-46.2208
-1.9966,-15.4302,-1.8993,-16.1847
-1.9966,-27.8681,-1.0230,-27.6734
20.0071,20.9588,20.0314,20.5936
20.0314,20.5936,19.6420,20.5450
20.1044,10.7845,19.4716,8.7886
20.1531,10.4194,19.1552,7.3281
2.0195,-14.3592,1.5814,-13.5803
-20.2033,1.0726,-20.3006,0.2694
-2.0210,-25.6531,-1.4855,-25.5314
-20.3006,0.2694,-20.6171,0.3181
20.3235,10.4194,20.1531,10.4194
20.3235,10.4194,20.3235,10.6141
20.3235,10.6141,20.8347,10.6384
-20.5440,-1.9212,-20.3006,0.2694
-20.5440,-1.9212,-20.7631,-3.7711
-20.5927,1.4864,-17.7206,1.7298
20.6399,10.8331,21.4918,10.8575
-20.6414,-2.7245,-16.2358,-3.2356
2.0682,-2.7001,2.1899,-2.7001
2.0682,-42.3506,1.9952,-42.4723
2.0682,-42.7401,2.1899,-42.8131
-20.6901,-6.1321,-21.0308,-6.0834
-20.7388,0.3181,-20.5927,1.4864
-20.7388,-1.8969,-20.5440,-1.9212
-20.7388,-6.5216,-20.6901,-6.1321
-20.7631,-3.7711,-21.0795,-3.7224
20.8347,10.4437,20.8347,10.6384
2.0925,10.6141,2.2142,10.5897
2.0925,11.1496,1.9708,11.0765
20.9564,10.4437,20.8347,10.4437
20.9564,10.4437,20.9564,10.6384
-20.9822,-5.6940,-20.7631,-3.7711
-20.9822,-5.6940,-21.0308,-6.0834
-21.0795,10.4680,-21.1039,10.6141
-21.0795,-2.6758,-20.7388,0.3181
-21.0795,-2.6758,-20.8361,-1.8725
-21.0795,-6.4729,-20.7388,-6.5216
-21.0795,-6.4729,-21.1282,-6.7893
-21.1039,10.3220,-21.0795,10.4680
-21.1039,10.6141,-21.2012,10.7114
-21.1282,-6.7893,-21.3473,-8.7122
2.1169,-2.0916,2.5793,-2.0429
2.1169,-50.8941,1.9952,-46.2451
-21.1769,-5.6697,-20.9822,-5.6940
-2.1184,-29.3772,-2.1427,-29.2555
-21.2012,10.2246,-21.1039,10.3220
-21.2012,10.7114,-21.3229,10.7845
-21.2012,-3.7224,-21.0795,-2.6758
-21.3229,10.1516,-21.2012,10.2246
-21.3229,10.7845,-21.4690,10.7845
-21.3229,-6.7650,-21.1282,-6.7893
-21.3473,-8.7122,-21.4690,-9.7345
-21.3473,-8.7122,-21.6637,-8.6635
21.3945,-12.5823,21.4432,-12.9474
2.1412,36.8774,2.1656,36.9991
-21.4203,-5.6210,-21.2012,-3.7224
-21.4203,-5.6210,-21.2499,-5.6453
21.4432,-12.9474,21.9056,-12.8988
21.4675,11.4417,21.4918,10.8575
-21.4690,10.1516,-21.3229,10.1516
-21.4690,10.7845,-21.5907,10.7114
-21.4690,-9.7345,-21.6880,-11.6574
-21.5420,-13.2882,-21.8828,-13.2395
-21.5420,-6.7650,-21.3716,-6.7893
-21.5420,-6.7650,-21.4203,-5.6210
-21.5420,-6.7650,-21.7854,-8.6635
-21.5663,-13.6533,-21.5420,-13.2882
-21.5907,10.2246,-21.4690,10.1516
-21.5907,10.7114,-21.6880,10.6141
2.1656,-24.9959,2.5550,-24.4361
2.1656,36.9991,4.0154,36.8530
-21.6637,-9.7102,-21.4690,-9.7345
-21.6880,10.3220,-21.5907,10.2246
-21.6880,10.6141,-21.7124,10.4680
-21.6880,-11.6574,-22.0045,-11.6087
-21.7124,10.4680,-21.6880,10.3220
-21.7367,-11.9982,-17.3311,-12.5093
21.8813,10.8575,21.8813,11.4660
21.8813,10.8575,29.1104,10.9792
21.8813,11.4660,21.4675,11.4417
-21.8828,-13.2395,-21.6880,-11.6574
2.1899,-2.7001,2.1169,-2.0916
2.1899,-42.2776,2.0682,-42.3506
2.1899,-42.8131,2.3116,-42.8375
21.9056,-12.8988,21.8569,-12.5093
-21.9071,-13.6290,-21.5663,-13.6533
-21.9071,-9.7102,-21.7124,-9.7345
-21.9071,-9.7102,-21.7854,-8.6635
-21.9071,-9.7102,-22.1262,-11.6087
-2.1914,42.7434,-2.1427,43.1572
-2.1914,42.7434,-2.3374,42.7678
-21.9314,-13.6533,-22.2479,-13.6290
-22.0045,-11.6574,-22.1018,-11.6331
22.0517,-24.1440,18.9118,-24.5578
22.0517,-24.1440,22.0760,-24.2657
22.0760,-24.2657,19.2038,-24.6552
-22.1018,-18.3023,-22.4426,-18.2536
2.2142,10.5897,2.3603,10.6384
2.2142,11.1739,2.0925,11.1496
-22.1505,-18.6674,-22.1018,-18.3023
-2.2157,-12.2902,-1.8749,-11.6331
-2.2157,-12.3146,-2.7999,-11.8034
-2.2157,-15.8683,-2.2401,-15.7222
-22.1748,-15.8683,-21.9314,-13.6533
-22.2479,-16.5498,-17.8423,-17.0610
22.2707,-40.6225,22.2707,-40.7685
22.2707,-40.7685,22.3438,-40.8902
-22.2722,-16.6715,-17.8909,-17.1827
-22.2722,27.4333,-22.2965,27.5550
-22.2965,27.3116,-22.2722,27.4333
-22.2965,27.5550,-22.3939,27.6524
22.3438,-40.5008,22.2707,-40.6225
22.3438,-40.8902,22.4655,-40.9632
-22.3452,-13.6046,-22.1262,-11.6087
-22.3696,-15.8439,-22.1748,-15.8683
2.2386,-25.4584,2.6280,-24.9229
-22.3939,27.2142,-22.2965,27.3116
-22.3939,27.6524,-22.5156,27.6767
-2.2401,-15.7222,-2.3374,-15.6249
-2.2401,-16.0143,-2.2157,-15.8683
-2.2401,41.8428,-2.4104,41.8672
22.4168,-0.5825,18.9118,0.5372
22.4168,-0.5825,22.3681,-0.7285
-22.4426,-18.2536,-22.1748,-15.8683
22.4655,-40.4278,22.3438,-40.5008
22.4655,-40.9632,22.5872,-40.9876
-22.4913,-18.6431,-22.1505,-18.6674
-22.5156,-18.8865,-22.4913,-18.6431
-22.5156,-18.8865,-22.8564,-18.8378
-22.5156,27.1899,-22.3939,27.2142
-22.5156,27.6767,-22.6373,27.6524
22.5628,-21.6856,22.5872,-21.8073
22.5872,-21.5639,22.5628,-21.6856
22.5872,-21.8073,22.6845,-21.9047
22.5872,-40.4034,22.4655,-40.4278
22.5872,-40.9876,22.7332,-40.9389
-22.6373,27.2142,-22.5156,27.1899
-22.6373,27.6524,-22.7347,27.5550
22.6602,-11.5113,23.4634,-11.7791
22.6602,-11.5113,27.4066,3.2146
22.6845,-21.4666,22.5872,-21.5639
22.6845,-21.9047,22.8062,-21.9290
-22.7103,-16.6228,-22.3452,-13.6046
-22.7103,-16.6228,-22.4426,-15.7953
22.7332,-40.4521,22.5872,-40.4034
22.7332,-40.9389,22.8306,-40.8415
-22.7347,27.3116,-22.6373,27.2142
-22.7347,27.5550,-22.7590,27.4333
-22.7590,27.1412,-25.4851,37.2668
-22.7590,27.4333,-22.7347,27.3116
-22.7834,-21.0771,-22.5156,-18.8865
22.8062,-21.4422,22.6845,-21.4666
22.8062,-21.9290,22.9279,-21.9047
-22.8077,-21.1988,-19.4487,-21.5883
22.8306,-40.5495,22.7332,-40.4521
22.8306,-40.8415,22.8549,-40.6955
22.8549,-40.6955,22.8306,-40.5495
2.2873,-14.6513,1.8248,-13.7993
22.8792,-11.3896,23.6581,-11.6331
22.8792,-11.3896,27.5769,3.1416
-22.8807,26.9708,-25.6555,37.2181
-22.9051,-22.1968,-22.7834,-21.0771
-22.9051,-22.1968,-23.2458,-22.1481
22.9279,-21.4666,22.8062,-21.4422
22.9279,-21.9047,23.0253,-21.8073
-22.9537,-18.8135,-22.7103,-16.6228
-22.9781,-21.0528,-22.7834,-21.0771
-23.0024,-25.8478,-23.4162,-25.7992
23.0253,-21.5639,22.9279,-21.4666
23.0253,-21.8073,23.0496,-21.6856
-23.0268,-26.2130,-23.0024,-25.8478
23.0496,-21.6856,23.0253,-21.5639
2.3116,-42.2533,2.1899,-42.2776
2.3116,-42.8375,2.4576,-42.7888
-2.3131,43.1329,-2.3374,42.7678
23.1470,-26.1399,23.1713,-26.2616
-23.1485,-24.1197,-22.9051,-22.1968
-23.1485,-24.1197,-23.2215,-24.7282
23.1713,-26.0182,23.1470,-26.1399
23.1713,-26.2616,23.2687,-26.3590
-23.1728,-24.3387,-19.8138,-24.7282
23.2200,-1.0206,25.7758,-1.8482
-23.2215,-24.7282,-23.3432,-25.7992
23.2444,-23.9980,23.2687,-24.1197
23.2444,-23.9980,23.8529,-23.9250
23.2687,-0.8746,23.2200,-1.0206
23.2687,-0.8746,25.8244,-1.7022
23.2687,-24.1197,23.8529,-24.0467
23.2687,-25.9209,23.1713,-26.0182
23.2687,-26.3590,23.3904,-26.3833
-23.2945,-21.8073,-22.9537,-18.8135
-23.2945,-21.8073,-23.0511,-21.0041
-23.3188,-24.0953,-23.1485,-24.1197
-23.3432,-22.1481,-23.2945,-21.8073
-23.3675,-24.4604,-23.1728,-24.4848
-23.3675,-26.1886,-23.4649,-26.9188
-2.3374,-15.6249,-2.4835,-15.5762
-2.3374,-16.1117,-2.2401,-16.0143
23.3904,-25.8965,23.2687,-25.9209
23.3904,-26.3833,23.5121,-26.3590
23.3904,-7.5195,23.4147,-7.6412
23.4147,-7.3978,23.3904,-7.5195
23.4147,-7.6412,23.5121,-7.7386
23.4634,-28.5010,23.4878,-28.6227
-23.4649,-26.1643,-23.0268,-26.2130
-23.4649,-26.1643,-23.4162,-25.7992
-23.4649,-26.9188,-23.5136,-27.3083
23.4878,-12.0955,15.0903,-13.1908
23.4878,-12.0955,23.4878,-12.3146
23.4878,-12.3146,21.8569,-12.5093
23.4878,-28.3792,23.4634,-28.5010
23.4878,-28.6227,23.5851,-28.7200
-23.4892,-27.0405,-23.8057,-27.0162
23.5121,-25.9209,23.3904,-25.8965
23.5121,-26.3590,23.6095,-26.2616
23.5121,-7.3005,23.4147,-7.3978
23.5121,-7.7386,23.6338,-7.7629
23.5364,41.2587,12.8023,42.0619
23.5364,41.3804,23.5364,41.2587
-23.5622,-24.0223,-23.3432,-22.1481
-23.5622,-24.0223,-23.3919,-24.0467
23.5851,-28.2819,23.4878,-28.3792
23.5851,-28.7200,23.7068,-28.7444
2.3603,10.6384,2.4576,10.7358
2.3603,11.1252,2.2142,11.1739
2.3603,-31.5192,7.3987,-30.8620
23.6095,-26.0182,23.5121,-25.9209
23.6095,-26.2616,23.6338,-26.1399
-23.6109,-24.4604,-23.4405,-24.4848
-23.6109,-24.4604,-23.5622,-24.0223
-23.6109,-24.4604,-23.9030,-26.9918
23.6338,-26.1399,23.6095,-26.0182
23.6338,-7.2761,23.5121,-7.3005
23.6338,-7.7629,23.7555,-7.7386
23.7068,-28.2575,23.5851,-28.2819
23.7068,-28.7444,23.8285,-28.7200
23.7068,-30.2778,24.1449,-30.2291
-23.7326,-32.3224,-23.7570,-32.2007
23.7555,-7.3005,23.6338,-7.2761
23.7555,-7.7386,23.8529,-7.6412
-23.7570,-32.2007,-23.8543,-32.1033
-23.7570,-32.4441,-23.7326,-32.3224
23.8042,-22.1968,23.8042,-22.0507
23.8285,-28.2819,23.7068,-28.2575
23.8285,-28.7200,23.9259,-28.6227
2.3846,-31.7382,2.3603,-31.5192
2.3846,-31.7382,2.4820,-31.7139
23.8529,-23.9250,23.8529,-24.0467
23.8529,-31.4705,23.7068,-30.2778
23.8529,-7.3978,23.7555,-7.3005
23.8529,-7.6412,23.8772,-7.5195
-23.8543,-32.1033,-23.9760,-32.0790
-23.8543,-32.5415,-23.7570,-32.4441
-23.8543,37.6563,-23.9030,37.8510
-2.3861,-11.1706,-2.9459,-10.7811
23.8772,-7.5195,23.8529,-7.3978
-23.9030,37.8510,-16.5035,39.8469
23.9259,-28.3792,23.8285,-28.2819
23.9259,-28.6227,23.9502,-28.5010
23.9502,-28.5010,23.9259,-28.3792
-23.9517,-27.3813,-23.6840,-27.4056
-23.9517,-27.3813,-23.9030,-26.9918
-23.9517,-34.5130,-17.8423,-33.5151
-23.9760,-32.0790,-24.0977,-32.1033
-23.9760,-32.5658,-23.8543,-32.5415
-23.9760,-34.3913,-23.9517,-34.5130
-23.9760,37.6319,-23.8543,37.6563
-23.9760,37.6319,-24.0247,37.8267
23.9989,-28.7687,23.4634,-11.7791
-24.0491,34.0296,-24.0734,34.1513
-24.0734,33.9078,-24.0491,34.0296
-24.0734,34.1513,-24.1708,34.2486
-24.0977,-32.1033,-24.1951,-32.2007
-24.0977,-32.5415,-23.9760,-32.5658
-2.4104,41.8672,-2.8729,35.7577
24.1449,-30.2291,24.3153,-31.4218
-24.1708,33.8105,-24.0734,33.9078
-24.1708,34.2486,-24.2925,34.2730
24.1936,-28.9391,23.6581,-11.6331
-24.1951,-32.2007,-24.2194,-32.3224
-24.1951,-32.4441,-24.0977,-32.5415
-24.2194,-32.3224,-24.1951,-32.4441
-24.2194,-34.5617,-24.2438,-34.4400
-24.2438,-34.4400,-23.9760,-34.3913
-24.2925,33.7861,-24.1708,33.8105
-24.2925,34.2730,-24.4142,34.2486
24.3153,-31.4218,23.8529,-31.4705
2.4333,-15.1381,2.0195,-14.3592
2.4333,-25.0203,1.8491,-25.7018
24.3883,21.6646,24.3153,22.3462
24.3883,22.4192,16.8185,21.5673
24.3883,22.4192,24.4127,22.1271
-24.4142,33.8105,-24.2925,33.7861
-24.4142,34.2486,-24.5115,34.1513
-24.4628,37.5102,-24.5115,37.6806
-24.4628,37.5102,-24.5602,37.4615
-24.5115,33.9078,-24.4142,33.8105
-24.5115,34.1513,-24.5359,34.0296
-24.5115,-34.4644,-24.5359,-34.6104
-24.5115,37.6806,-24.0247,37.8267
-24.5359,34.0296,-24.5115,33.9078
-24.5359,-34.6104,-23.7083,-27.4543
-24.5359,-34.6104,-24.2194,-34.5617
-24.5602,37.4615,-24.6089,37.6563
2.4576,10.7358,2.4820,10.8818
2.4576,11.0279,2.3603,11.1252
2.4576,-25.0203,1.8735,-25.7018
2.4576,-31.7382,1.0216,-31.9086
2.4576,-42.3020,2.3116,-42.2533
2.4576,-42.7888,2.5550,-42.6914
-24.6332,-35.0242,-24.6819,-34.7078
-24.6819,-34.7078,-25.0714,-34.7808
24.7048,25.0966,24.7535,24.6585
-24.7062,-34.4644,-23.8787,-27.4300
24.7535,24.6585,25.3376,24.7315
2.4820,10.8818,2.4576,11.0279
2.4820,-31.7139,2.5063,-31.9816
2.4820,-31.9086,1.1676,-32.0790
-2.4835,0.1720,-1.8749,0.2451
-2.4835,0.2937,-2.4835,0.1720
-2.4835,-15.5762,-2.6052,-15.6005
-2.4835,-16.1604,-2.3374,-16.1117
-24.8523,-36.8984,-24.9010,-36.5820
-24.9010,-36.5820,-25.2904,-36.6306
-24.9010,37.1208,-24.9253,37.2425
-24.9253,36.9991,-24.9010,37.1208
-24.9253,37.2425,-25.0227,37.3398
24.9969,0.6345,18.6440,2.6791
24.9969,0.6345,25.0212,0.7806
-25.0227,-35.0972,-24.6332,-35.0242
-25.0227,36.9017,-24.9253,36.9991
-25.0227,37.3398,-25.1444,37.3642
2.5063,-15.2841,2.6037,-15.2354
2.5063,-31.9816,8.0073,-31.2758
-25.0714,-34.7808,-25.0227,-35.0972
-25.1444,36.8774,-25.0227,36.9017
-25.1444,37.3642,-25.2661,37.3398
25.1672,40.9909,26.4086,40.8935
25.2159,41.4047,25.1672,40.9909
25.2159,41.4047,25.3376,41.4047
-25.2417,-36.9714,-24.8523,-36.8984
25.2646,42.2079,25.3863,42.2079
-25.2661,36.9017,-25.1444,36.8774
-25.2661,37.3398,-25.3634,37.2425
25.2889,25.1696,24.7048,25.0966
-25.2904,-36.6306,-25.2417,-36.9714
25.3133,41.0883,25.3376,41.4047
-2.5321,-9.1747,-1.7776,-9.6858
25.3376,24.7315,25.2889,25.1696
-25.3634,36.9991,-25.2661,36.9017
-25.3634,37.2425,-25.3878,37.1208
-25.3878,37.1208,-25.3634,36.9991
-25.4121,37.2425,-25.4608,37.4372
-25.4608,37.4372,-24.6089,37.6563
2.5550,-24.4361,2.8958,-23.8519
2.5550,-42.3993,2.4576,-42.3020
2.5550,-42.6914,2.5793,-42.5454
25.5567,22.2488,24.4127,22.1271
-2.5565,-9.1990,-1.8019,-9.6858
25.6054,21.8107,25.5567,22.2488
25.7514,-0.1687,25.7758,-0.2904
25.7758,-0.0470,25.7514,-0.1687
25.7758,-0.2904,25.8731,-0.3878
25.7758,-1.8482,25.8244,-1.7022
2.5793,-2.0429,2.6524,-2.6271
2.5793,-42.5454,2.5550,-42.3993
-2.5808,-26.1399,-1.9723,-26.0182
25.8488,0.3668,25.8975,0.5128
25.8488,0.3668,26.4329,0.1720
25.8731,0.0503,25.7758,-0.0470
25.8731,-0.3878,25.9948,-0.4121
25.8975,0.5128,26.4816,0.3181
25.9948,0.0747,25.8731,0.0503
25.9948,-0.4121,26.1165,-0.3878
2.6037,42.4513,2.6037,42.5730
-2.6052,-15.6005,-2.7269,-15.6736
-2.6052,-16.1360,-2.4835,-16.1604
-2.6052,37.0478,-2.2401,41.8428
26.1165,0.0503,25.9948,0.0747
26.1165,-0.3878,26.2139,-0.2904
26.2139,-0.0470,26.1165,0.0503
26.2139,-0.2904,26.2382,-0.1687
-26.2154,41.9402,-26.2397,42.0619
26.2382,-0.1687,26.2139,-0.0470
-26.2397,41.8185,-26.2154,41.9402
-26.2397,42.0619,-26.3371,42.1592
2.6280,-24.9229,2.9688,-24.3631
-26.3371,41.7211,-26.2397,41.8185
-26.3371,42.1592,-26.4588,42.1836
26.4086,40.8935,26.6520,38.7516
-26.4588,41.6968,-26.3371,41.7211
-26.4588,42.1836,-26.5805,42.1592
26.4816,0.3181,26.4329,0.1720
26.5060,41.0152,25.3133,41.0883
2.6524,-2.6271,2.7741,-2.6271
-26.5805,41.7211,-26.4588,41.6968
-26.5805,42.1592,-26.6778,42.0619
26.6520,38.7516,27.2118,38.8246
26.6520,39.7252,26.5060,41.0152
26.6520,39.7252,27.5526,39.8469
-26.6778,41.8185,-26.5805,41.7211
-26.6778,42.0619,-26.7022,41.9402
-26.7022,41.9402,-26.6778,41.8185
2.6767,-28.6227,3.3339,-28.0872
-2.6782,-27.6004,-1.8993,-27.4543
-2.6782,36.1472,-0.1955,35.9524
-2.6782,36.9017,-0.1711,36.7070
-2.6782,36.9017,-2.7269,36.2445
2.7010,-2.0186,2.7741,-2.6271
2.7010,-2.0186,5.1107,-1.7022
2.7010,-28.6227,1.6788,-28.7687
-2.7025,35.7577,-2.6782,36.1472
-2.7025,35.7577,-2.8729,35.7577
27.2118,38.8246,27.9907,32.0093
2.7254,-15.5519,2.2873,-14.6513
-2.7269,-15.6736,-2.7999,-15.7953
-2.7269,-16.0630,-2.6052,-16.1360
27.2849,42.1592,25.3863,42.3053
27.4066,3.2146,26.9928,3.3606
27.4552,5.1618,27.5526,5.1131
2.7497,-46.2208,2.8714,-50.8941
27.5526,39.8469,27.2849,42.1592
27.5526,5.1131,26.9928,3.3606
27.6013,5.6243,27.4552,5.1618
27.6743,21.8107,20.0071,20.9588
27.6743,21.8107,27.7230,21.4456
27.6986,5.5756,27.6013,5.6243
27.7230,21.4456,28.1124,21.4942
2.7741,-15.9656,2.4333,-15.1381
-27.7488,-37.3852,-27.7975,-37.0444
-2.7755,34.8571,-2.9459,34.8571
-2.7755,-4.5500,-4.4307,-4.6960
27.7717,28.6747,28.3558,28.7477
-27.7975,-37.0444,-28.1869,-37.1175
-27.9679,-35.5840,-28.0409,-35.2676
27.9907,26.7274,27.7717,28.6747
-2.7999,-11.8034,-3.4327,-11.3410
-2.7999,-15.7953,-2.7999,-15.9413
-2.7999,-15.9413,-2.7269,-16.0630
-2.7999,34.6137,-0.2685,34.4190
-2.7999,34.6867,-0.2928,34.5164
-2.7999,34.6867,-2.7755,34.8571
-2.7999,-4.4770,-1.2908,-4.3309
-2.7999,-4.4770,-2.7755,-4.5987
-28.0409,-35.2676,-28.4303,-35.3163
28.0638,21.8593,28.1124,21.4942
28.0881,25.5347,28.1368,24.9993
28.1368,24.9993,14.7739,23.4902
-28.1382,-37.4582,-27.7488,-37.3852
-28.1869,-37.1175,-28.1382,-37.4582
-2.8242,-25.7748,-2.0210,-25.6531
28.3558,26.7761,27.9907,26.7274
28.3558,26.8978,28.3558,26.7761
28.3558,28.7477,27.9907,32.0093
-28.3573,-35.6570,-27.9679,-35.5840
28.4289,22.1271,25.6054,21.8107
-28.4303,-35.3163,-28.3573,-35.6570
28.4532,21.9080,28.0638,21.8593
28.4532,21.9080,28.4289,22.1271
-2.8486,-11.0245,-2.8729,-10.8785
28.5992,26.9222,28.3558,26.8978
28.6236,26.8005,28.5992,26.9222
2.8714,-50.8941,2.1169,-50.8941
-2.8729,-10.8785,-2.9703,-10.7811
-2.8729,-11.1706,-2.8486,-11.0245
28.9887,25.6321,29.0374,25.0966
28.9887,25.6321,29.1347,25.6321
29.0130,26.8248,28.6236,26.8005
29.0130,26.8248,29.1347,25.6321
29.1104,10.9792,29.4268,11.9285
29.1834,25.1210,29.0374,25.0966
29.1834,25.1210,29.4755,22.7113
2.9201,-23.8519,3.2122,-23.1704
29.3295,22.0054,29.3051,22.2245
29.3295,23.8309,25.7271,23.4171
29.3295,23.9283,25.7271,23.5145
29.3781,10.7845,20.9564,10.6384
29.3781,10.7845,27.6986,5.5756
29.3781,22.2245,29.3295,22.6869
29.4268,11.9285,29.7189,11.8311
2.9445,-24.1440,2.9445,-24.2901
2.9445,-24.2657,2.4333,-25.0203
2.9445,-24.2901,2.4576,-25.0203
2.9445,-24.2901,3.0175,-24.4118
2.9445,2.9955,3.0175,2.8982
2.9445,3.1416,2.9445,2.9955
-2.9459,-10.7811,-3.5544,-10.4647
-2.9459,32.7152,-2.7999,34.6137
-2.9459,34.8571,-2.9459,34.6867
29.4755,22.7113,29.3295,22.6869
2.9688,-9.4668,3.0418,-10.0509
2.9688,-9.4668,3.0905,-9.4424
-2.9703,-10.7811,-3.1163,-10.7325
-2.9703,-11.2679,-2.8729,-11.1706
-2.9703,-28.0141,-1.9966,-27.8681
29.7189,11.8311,31.2037,16.4314
-2.9946,34.4677,-4.2846,34.5650
3.0175,-24.0223,2.9445,-24.1440
3.0175,-24.4118,3.1392,-24.4848
3.0175,2.8982,3.1148,2.8252
3.0175,3.2389,2.9445,3.1416
3.0418,-10.0509,0.6321,-10.3673
30.5708,22.0541,30.6925,22.0541
30.5708,22.1514,29.3295,22.0054
30.6438,22.6139,33.1509,22.4192
3.0662,-16.4525,2.7254,-15.5519
3.0662,-16.8176,2.7741,-15.9656
30.6925,21.1535,30.8142,21.1535
30.6925,22.0541,30.6438,22.6139
30.8142,21.1535,30.8386,20.8614
30.8386,20.7640,31.3497,20.8371
30.8386,20.8614,31.4227,20.9101
3.0905,-16.8906,3.1879,-16.8419
3.0905,-9.4424,3.1635,-10.0509
3.1148,2.8252,3.2365,2.8008
3.1148,3.3120,3.0175,3.2389
-3.1163,-10.7325,-3.2380,-10.7568
-3.1163,-11.3166,-2.9703,-11.2679
31.2037,16.4314,30.6925,21.1535
31.3010,16.7235,30.8386,20.7640
31.3010,16.7235,31.8122,18.3056
31.3497,20.8371,31.6175,18.2813
3.1392,-23.9493,3.0175,-24.0223
3.1392,-24.4848,3.2609,-24.5091
-3.1406,32.7395,-2.9946,34.4677
31.4227,20.9101,31.6905,18.3787
31.6175,18.2813,31.8122,18.3056
-31.6189,-38.0180,-31.6676,-37.7016
3.1635,-10.0509,3.6016,-9.9779
-31.6676,-37.7016,-32.0571,-37.7503
31.6905,18.3787,31.8365,18.4030
31.7635,-29.2312,32.2016,-29.1581
31.8365,18.4030,33.1509,22.4192
3.1879,-23.9250,3.5286,-23.1947
31.9095,-30.4238,31.7635,-29.2312
-31.9110,-36.2412,-31.9597,-35.9004
-31.9597,-35.9004,-32.3491,-35.9735
-32.0084,-38.0911,-31.6189,-38.0180
-32.0571,-37.7503,-32.0084,-38.0911
3.2122,-23.1704,3.4313,-22.4889
-3.2137,-26.1886,-2.5808,-26.1399
32.2016,-29.1581,32.3720,-30.3508
-32.3005,-36.2899,-31.9110,-36.2412
-32.3491,-35.9735,-32.3005,-36.2899
3.2365,2.8008,3.3582,2.8495
3.2365,31.0357,-0.0738,31.2791
3.2365,31.0357,3.6747,36.7557
3.2365,3.3363,3.1148,3.3120
32.3720,-30.3508,31.9095,-30.4238
-3.2380,-10.7568,-3.3597,-10.8298
-3.2380,-11.2923,-3.1163,-11.3166
3.2609,-23.9250,3.1392,-23.9493
3.2609,-24.5091,3.4069,-24.4604
3.3096,-17.6695,3.0662,-16.8176
3.3096,-23.5355,3.0905,-23.9493
3.3096,-23.5355,3.0905,-23.9736
3.3096,31.0357,3.7477,36.7557
-3.3354,-29.4259,-3.3110,-29.5476
-3.3354,-8.7365,-2.5321,-9.1747
-3.3354,-8.7609,-2.5565,-9.1990
3.3582,-17.4017,3.0662,-16.4525
3.3582,2.8495,3.4556,2.9469
3.3582,3.2876,3.2365,3.3363
-3.3597,-10.8298,-3.4327,-10.9515
-3.3597,-11.2193,-3.2380,-11.2923
3.4069,-23.9736,3.2609,-23.9250
3.4069,-24.4604,3.5043,-24.3631
3.4313,-22.4889,3.6016,-21.7587
-3.4327,-10.9515,-3.4327,-11.0976
-3.4327,-11.0976,-3.3597,-11.2193
-3.4327,-11.3410,-4.0899,-10.9272
3.4556,2.9469,3.4799,3.0686
3.4556,3.1903,3.3582,3.2876
3.4799,-18.5457,3.3096,-17.6695
3.4799,3.0686,3.4556,3.1903
-3.4814,-27.6490,-2.6782,-27.6004
3.5043,-24.0710,3.4069,-23.9736
3.5043,-24.3631,3.5286,-24.2170
3.5286,-23.1947,3.7477,-22.4158
3.5286,-24.2170,3.5043,-24.0710
3.5286,-9.3937,3.6503,-9.3694
-35.3673,-38.6509,-35.4404,-38.3101
-35.4160,-36.8254,-35.4647,-36.4846
-35.4404,-38.3101,-35.8298,-38.3832
-35.4647,-36.4846,-35.8542,-36.5576
3.5530,-18.3510,3.3582,-17.4017
-3.5544,-10.4891,-4.5767,-10.0753
-3.5544,-11.3410,-3.3597,-11.4627
-3.5544,-34.1479,-3.6275,-29.5719
-35.7568,-38.6996,-35.3673,-38.6509
-35.8055,-36.8741,-35.4160,-36.8254
-35.8298,-38.3832,-35.7568,-38.6996
-35.8542,-36.5576,-35.8055,-36.8741
3.6016,-19.4220,3.4799,-18.5457
3.6016,-21.7587,3.6747,-21.0528
3.6016,-22.6836,3.3096,-23.5355
3.6016,31.0113,3.3096,31.0357
3.6016,-9.9779,3.5286,-9.3937
3.6260,-22.6836,3.3096,-23.5355
-3.6275,25.7051,10.4656,24.6342
-3.6275,-25.7992,-2.8242,-25.7748
-3.6275,-29.5719,-3.3110,-29.5476
3.6503,-9.3694,3.7233,-9.8562
-3.6518,25.5104,10.2709,24.4638
3.6747,-20.3226,3.6016,-19.4220
3.6747,-21.0528,3.6990,-20.3226
3.6747,30.8896,4.1615,37.3155
3.6747,36.7557,2.1412,36.8774
-3.6761,-34.1479,-3.5544,-34.1479
3.6990,-19.3246,3.5530,-18.3510
-3.7005,0.1964,-3.6761,0.0747
-3.7005,-11.1219,-3.7492,-11.2193
3.7233,-9.8562,5.3298,-9.6615
3.7477,-22.4158,3.8937,-21.6126
3.7477,36.7557,4.0398,36.7313
-3.7492,-11.2193,-3.5544,-11.3410
-3.7492,-29.5963,-3.6761,-34.1479
3.7720,-20.2982,3.6990,-19.3246
3.7964,38.4595,0.4861,38.7029
3.8207,-21.8073,3.6016,-22.6836
3.8207,-21.8073,3.6260,-22.6836
-3.8465,-26.1643,-3.2137,-26.1886
3.8694,38.4595,4.1615,38.4352
3.8694,-6.3268,-0.5119,-6.8867
3.9181,-21.6126,4.0885,-20.2982
-39.1888,-39.2838,-39.2618,-38.9430
-39.2618,-38.9430,-39.6269,-39.0160
-3.9439,-28.0628,-2.9703,-28.0141
-39.4809,-37.4826,-39.5539,-37.1661
-39.5539,-37.1661,-39.9433,-37.2148
-39.5782,-39.3324,-39.1888,-39.2838
-39.6269,-39.0160,-39.5782,-39.3324
3.9667,-28.0872,4.0154,-28.5010
39.8202,-28.1845,40.2583,-28.1115
-39.8703,-37.5556,-39.4809,-37.4826
-39.9433,-37.2148,-39.8703,-37.5556
39.9662,-29.3772,39.8202,-28.1845
4.0154,-28.5010,6.5468,-28.1602
-4.0169,40.5041,-4.0899,39.6278
-4.0169,40.5041,-8.7389,39.2141
40.2583,-28.1115,40.4287,-29.3042
4.0398,36.7313,3.6016,31.0113
4.0398,37.3155,4.0154,36.8530
40.4287,-29.3042,39.9662,-29.3772
4.0885,-20.2982,3.6990,-20.3226
4.0885,42.3296,2.6037,42.4513
4.0885,42.3296,3.7964,38.4595
4.0885,-7.9576,3.8694,-6.3268
-4.0899,-10.9272,-4.7715,-10.5621
4.1128,-3.6737,4.8430,-3.6007
4.1128,38.2161,4.2345,38.2161
-4.1386,38.7272,-4.2603,38.7516
-4.1386,40.3337,-4.2116,39.6278
-4.1386,40.3337,-8.6903,39.0924
-4.1386,-8.3471,-3.3354,-8.7365
4.1615,37.3155,4.0398,37.3155
4.1615,42.3296,3.8694,38.4595
-4.1629,-8.3714,-3.3354,-8.7609
-4.2116,39.6522,-4.0899,39.6278
4.2345,38.2161,4.5753,42.8895
4.2588,-7.9333,4.0885,-7.9576
-4.2603,34.7841,-2.9459,34.6867
-4.2846,-27.6247,-3.4814,-27.6490
-4.2846,34.5650,-4.2603,34.7841
-4.2846,37.0721,-4.1386,38.7272
-43.0102,-39.9166,-43.0589,-39.5758
-43.0346,-38.0667,-43.0833,-37.7503
-43.0589,-39.5758,-43.4484,-39.6489
-43.0833,-37.7503,-43.4727,-37.7990
-43.3997,-39.9896,-43.0102,-39.9166
-43.4240,-38.1398,-43.0346,-38.0667
-43.4484,-39.6489,-43.3997,-39.9896
-43.4727,-37.7990,-43.4240,-38.1398
-43.7648,-37.6043,-24.7062,-34.4644
-43.7648,-40.3060,-12.4143,-35.0972
-43.7879,-37.5989,-45.5418,-37.8593
-43.7879,-40.2950,-45.3504,-40.5631
4.3805,-5.7427,4.1128,-3.6737
4.3805,-6.1808,4.3319,-5.8157
-4.3820,37.1938,-4.2603,38.7516
-4.4063,-23.0244,-7.8383,-22.6106
4.4292,42.4270,2.6037,42.5730
-4.4307,-25.7018,-3.6275,-25.7992
-4.4307,-4.6230,-4.4307,-4.7447
-4.4307,-4.6230,-5.0392,-0.0470
-4.4307,-4.6960,-2.7755,-4.5257
-4.4307,-4.7447,-6.0372,-4.8908
4.4536,42.3053,4.1615,38.4352
4.4536,42.3053,4.1615,42.3296
4.4536,42.9138,4.4292,42.4270
4.4536,42.9138,4.5753,42.8895
-4.4794,-26.0913,-3.8465,-26.1643
-4.4794,-26.0913,-4.4307,-25.7261
4.5266,43.8144,4.6483,43.7901
-4.5281,25.7782,-22.7590,27.1412
4.5509,25.3644,4.5753,25.2427
-4.5524,25.5834,-22.8807,26.9708
-4.5524,-4.6230,-5.1609,-0.0714
4.5753,25.2427,4.6726,25.1453
4.5753,25.4861,4.5509,25.3644
-4.5767,-10.0753,-5.5990,-9.7345
-4.6254,2.3383,-4.6498,2.4600
4.6483,43.8631,8.7375,43.5710
-4.6498,2.2166,-4.6254,2.3383
-4.6498,2.4600,-4.7471,2.5574
4.6726,25.1453,4.7943,25.1210
4.6726,25.5834,4.5753,25.4861
4.6726,-4.8177,4.8430,-3.6007
4.6726,-4.9394,4.2588,-7.9333
-4.7471,2.1193,-4.6498,2.2166
-4.7471,2.5574,-4.8688,2.6061
-4.7715,-10.5621,-5.4773,-10.2456
47.8768,-27.1379,48.3150,-27.0649
4.7943,25.1210,4.9160,25.1453
4.7943,25.6078,4.6726,25.5834
48.0229,-28.3306,47.8768,-27.1379
48.3150,-27.0649,48.4854,-28.2575
48.4854,-28.2575,48.0229,-28.3306
-4.8688,2.0706,-4.7471,2.1193
-4.8688,2.6061,-4.9905,2.5817
-4.8932,-29.6206,-3.3354,-29.4259
-4.8932,-29.6206,-4.8932,-29.7423
-4.8932,-29.6206,-6.0858,-29.7667
-4.8932,-29.6206,-6.0858,-29.7910
-4.8932,-29.7423,-3.7492,-29.5963
4.9160,25.1453,5.0134,25.2427
4.9160,25.5834,4.7943,25.6078
-4.9418,-28.0872,-3.9439,-28.0628
4.9647,30.1351,5.5732,30.0864
-4.9905,2.0949,-4.8688,2.0706
-4.9905,2.5817,-5.0879,2.5087
-4.9905,-8.0307,-4.1386,-8.3471
-4.9905,-8.0307,-4.1629,-8.3714
5.0134,25.2427,5.0377,25.3644
5.0134,25.4861,4.9160,25.5834
5.0377,25.3644,5.0134,25.4861
5.0377,31.0844,4.9647,30.1351
5.0377,31.0844,5.1594,31.0600
-5.0392,-0.0470,-3.6761,0.0747
-5.0635,-27.5030,-4.2846,-27.6247
-5.0879,2.1680,-4.9905,2.0949
-5.0879,2.5087,-5.1609,2.4114
5.1107,-1.6048,6.4251,-1.7752
5.1107,-1.7022,6.3521,-1.8725
5.1107,32.0823,5.0621,31.3278
-5.1122,34.6381,-5.0879,34.8571
-5.1122,37.1208,-4.2846,37.0721
-5.1366,36.9747,-5.1122,37.1208
5.1594,31.0600,5.1838,31.3278
-5.1609,2.2653,-5.0879,2.1680
-5.1609,2.4114,-5.1609,2.2653
5.1838,31.3278,5.0621,31.3278
-5.2096,34.6381,-5.3313,32.9099
-5.2096,36.0741,-5.2826,34.8815
-5.2339,37.1451,-5.2583,36.9747
-5.2583,36.9747,-5.1366,36.9747
5.2811,-14.8216,5.3055,-14.9433
-5.2826,34.8815,-5.0879,34.8571
5.3055,-14.6999,5.2811,-14.8216
5.3055,-14.9433,5.4028,-15.0407
-5.3313,32.9099,-3.1406,32.7395
-5.3313,36.0741,-5.2096,36.0741
-5.3313,36.0741,-5.5747,32.8369
-5.3800,-25.3854,-5.4043,-25.2393
5.4028,-14.6026,5.3055,-14.6999
5.4028,-15.0407,5.5245,-15.0650
5.4028,27.7741,10.5630,27.3846
-5.4043,-25.2393,-5.5017,-25.1420
-5.4043,-25.5314,-5.3800,-25.3854
5.4272,28.0418,5.4028,27.7741
5.4272,28.0418,8.8105,27.7741
5.4272,28.1392,7.7639,27.9688
5.4272,28.2852,5.4272,28.1392
5.4272,30.8410,5.5245,32.0580
5.4515,32.9829,5.5732,32.9586
-5.4530,-25.5558,-4.4307,-25.8235
-5.4530,-25.5801,-4.4550,-25.8478
-5.4773,-10.2456,-6.2319,-10.0022
-5.5017,-25.1420,-5.6477,-25.0933
-5.5017,-25.6288,-5.4043,-25.5314
5.5245,-14.5782,5.4028,-14.6026
5.5245,-15.0650,5.6462,-15.0407
5.5245,32.0580,5.1107,32.0823
5.5732,30.0864,5.5976,30.4759
5.5732,33.0073,7.9342,32.8369
5.5732,34.3460,5.4515,32.9829
5.5732,34.3460,5.6949,34.3460
5.5732,37.9727,5.5976,38.4352
-5.5747,32.8369,-8.0818,33.0316
55.9335,-26.0669,56.3716,-26.0182
5.5976,30.4759,7.9586,30.3055
5.5976,33.1290,5.6949,34.3460
5.5976,38.4352,5.8653,38.4108
-5.5990,-9.7345,-6.6457,-9.4668
56.0796,-27.2596,55.9335,-26.0669
5.6219,35.2466,5.7436,35.2466
-5.6234,-10.1726,-5.4773,-10.2213
56.3716,-26.0182,56.5177,-27.2109
5.6462,-14.6026,5.5245,-14.5782
5.6462,-15.0407,5.7436,-14.9433
-5.6477,-25.0933,-5.7694,-25.1176
-5.6477,-25.6775,-5.5017,-25.6288
56.5177,-27.2109,56.0796,-27.2596
5.6706,35.6604,5.6219,35.2466
-5.6964,10.7358,-5.7207,10.8818
5.7193,36.5610,5.8410,36.5610
5.7193,36.5610,5.8410,37.9484
-5.7207,10.5897,-5.6964,10.7358
-5.7207,10.8818,-5.8181,10.9792
5.7436,-14.6999,5.6462,-14.6026
5.7436,-14.9433,5.7679,-14.8216
5.7436,35.2466,5.7679,35.3926
-5.7451,-0.1200,-5.1609,-0.0714
5.7679,-14.8216,5.7436,-14.6999
5.7679,35.5143,5.7923,35.6604
-5.7694,0.0017,-3.7005,0.1964
-5.7694,0.0017,-5.7451,-0.1200
-5.7694,-10.1239,-5.6234,-10.1726
-5.7694,-25.1176,-5.8911,-25.1907
-5.7694,-25.6531,-5.6477,-25.6775
5.7923,35.6604,5.6706,35.6604
5.7923,-6.1078,5.3298,-9.6615
-5.7938,-33.6855,-5.7694,-34.1723
-5.8181,10.4924,-5.7207,10.5897
-5.8181,10.9792,-5.9641,11.0279
5.8410,36.5610,5.9870,38.2404
5.8410,37.9484,5.5732,37.9727
-5.8424,-27.3326,-5.0635,-27.5030
-5.8424,-27.3326,-5.9398,-28.0628
-5.8424,-34.1723,0.6321,-34.0749
-5.8424,-34.3670,0.7782,-34.2453
-5.8424,-34.4400,-5.8424,-34.1723
-5.8424,-34.4400,-9.7612,-34.5130
-5.8424,-7.7386,-4.9905,-8.0307
-5.8424,-7.7629,-4.9905,-8.0307
5.8653,-24.5335,15.9666,-23.2191
5.8653,-24.5335,6.0113,-23.4868
-5.8911,-25.1907,-5.9641,-25.3124
-5.8911,-25.5801,-5.7694,-25.6531
5.9140,39.0193,5.8653,38.4108
5.9140,-5.2072,5.9383,-5.1098
5.9140,-5.2072,6.0357,-5.2315
5.9140,-6.1321,5.3785,-10.1726
5.9140,-6.1321,5.7923,-6.1078
-5.9155,-10.0996,-5.7694,-10.1239
-5.9155,-28.0385,-4.9418,-28.0872
5.9383,-4.9881,4.6726,-4.8177
5.9383,-4.9881,5.9627,-4.8908
5.9383,-5.1098,4.6726,-4.9394
5.9627,45.8590,6.1330,45.2748
5.9627,-4.8908,6.0844,-4.9151
-5.9641,10.4437,-5.8181,10.4924
-5.9641,11.0279,-6.0858,11.0035
-5.9641,-25.3124,-5.9641,-25.4584
-5.9641,-25.4584,-5.8911,-25.5801
5.9870,39.9199,6.0357,40.7475
6.0113,-23.4868,6.1574,-23.4868
6.0357,40.7475,6.1574,40.7475
6.0357,-5.2315,5.9140,-5.2072
6.0600,-24.3631,6.1574,-23.4868
6.0600,38.7516,6.0113,38.3135
6.0600,38.9950,5.9140,39.0193
6.0600,38.9950,6.0600,38.8490
-6.0615,-10.0509,-5.9155,-10.0996
-6.0615,-4.7691,-4.5524,-4.6230
-6.0615,-4.7691,-6.0372,-4.8908
-6.0615,-4.8421,-7.6923,-4.9881
6.0844,-4.0145,6.2061,-4.0145
6.0844,-4.9151,6.0357,-5.2315
-6.0858,10.4680,-5.9641,10.4437
-6.0858,11.0035,-6.2075,10.9305
-6.0858,-29.7667,-6.0858,-29.8884
6.1087,41.6481,6.2061,42.8408
-6.1102,-10.1970,-6.0615,-10.0509
6.1330,39.8956,5.9870,39.9199
6.1330,45.2748,6.7172,45.4452
6.1574,40.7475,6.1574,40.5771
6.1817,40.4311,6.1330,39.8956
6.1817,40.4311,8.4941,40.2607
6.2061,2.0219,6.3278,1.9976
6.2061,-21.9777,6.3764,-22.0021
6.2061,-4.0145,6.8876,1.1457
6.2061,42.8408,6.3278,42.8408
-6.2075,10.5411,-6.0858,10.4680
-6.2075,10.9305,-6.2806,10.8088
-6.2075,41.8915,-6.2562,42.0619
6.2304,41.6481,6.1087,41.6481
-6.2319,-10.0022,-6.9864,-9.8319
6.2547,-21.6613,6.2061,-21.9777
6.2547,-21.6613,6.4008,-21.6613
-6.2562,-10.1483,-6.1102,-10.1970
-6.2562,42.0619,-2.3131,43.1329
6.2791,-22.0021,6.0844,-23.4868
-6.2806,10.6628,-6.2075,10.5411
-6.2806,10.8088,-6.2806,10.6628
-6.2806,-33.6855,-5.7938,-33.6855
-6.2806,-34.0262,-6.2806,-33.6855
6.3034,-22.0021,6.1087,-23.4868
6.3034,42.5730,6.2304,41.6481
6.3278,42.6947,8.0316,42.5487
6.3278,42.8408,6.3278,42.6947
6.3521,-1.8725,6.0844,-4.0145
6.3521,2.0463,6.2304,2.0706
6.3521,3.0199,6.4738,2.9955
6.3764,-20.7607,6.5225,-20.7850
6.3764,-22.0021,6.4008,-21.6613
6.4008,-23.7059,6.4008,-23.8519
6.4008,-23.8519,6.4738,-23.9736
-6.4023,-10.1239,-6.2562,-10.1483
6.4251,-1.7752,6.8146,1.0726
6.4495,2.9469,6.3278,2.9712
6.4738,-23.5842,6.4008,-23.7059
6.4738,-23.9736,6.5955,-24.0467
6.4982,-27.7707,3.9667,-28.0872
-6.4996,42.5244,-7.0351,42.3783
6.5225,-20.7850,7.3987,-14.3348
6.5468,-28.1602,6.4982,-27.7707
6.5468,46.0294,5.9627,45.8590
-6.5726,-10.0996,-6.4023,-10.1239
6.5955,-23.5112,6.4738,-23.5842
6.5955,-24.0467,6.7172,-24.0710
-6.6457,-9.4668,-7.7410,-9.2964
6.6685,-27.6490,3.3582,-28.0872
6.6685,-27.6490,6.6929,-27.7707
6.6929,-27.7707,6.9363,-27.7464
-6.6943,-27.0892,-5.8424,-27.3813
-6.6943,-42.6184,-6.7187,-42.4723
6.7172,-23.4868,6.5955,-23.5112
6.7172,-24.0710,6.8633,-24.0223
6.7172,45.4452,6.5468,46.0294
-6.7187,-10.0753,-6.5726,-10.0996
-6.7187,-29.9857,-6.0858,-29.8884
-6.7187,-42.4723,-6.8161,-42.3750
-6.7187,-42.7644,-6.6943,-42.6184
-6.7187,-7.5439,-5.8424,-7.7386
-6.7187,-7.5439,-5.8424,-7.7629
-6.7430,-25.0446,-5.9641,-25.3610
-6.7430,-25.0690,-5.9641,-25.3854
-6.7430,-29.8640,-6.0858,-29.7667
-6.7430,-29.8640,-6.7187,-29.9857
6.8146,1.0726,-1.8019,0.2937
-6.8161,-42.3750,-6.9621,-42.3263
-6.8161,-42.8618,-6.7187,-42.7644
6.8633,-23.5355,6.7172,-23.4868
6.8633,-24.0223,6.9606,-23.9250
-6.8647,41.7211,-6.2075,41.8915
6.8876,1.1457,-2.4835,0.2937
-6.8891,-10.0509,-6.7187,-10.0753
-6.9134,41.9158,-6.8647,41.7211
6.9363,-27.7464,6.9363,-27.6247
-6.9378,-0.2174,-8.3008,-0.3634
-6.9378,-26.8945,-5.8424,-27.2839
-6.9378,42.0132,-7.3029,41.9158
6.9606,-23.6329,6.8633,-23.5355
6.9606,-23.9250,6.9850,-23.7789
-6.9621,-0.0957,-6.9378,-0.2174
-6.9621,-42.3263,-7.0838,-42.3506
-6.9621,-42.9105,-6.8161,-42.8618
6.9850,-23.7789,6.9606,-23.6329
-6.9864,-9.8319,-7.7410,-9.6858
-7.0351,-10.0266,-6.8891,-10.0509
-7.0351,42.3783,-6.9378,42.0132
-7.0838,-42.3506,-7.2055,-42.4237
-7.0838,-42.8861,-6.9621,-42.9105
7.1067,-27.6004,6.9119,-26.1156
7.1067,-27.6004,6.9363,-27.6247
7.1067,-28.4766,1.9708,-29.1581
-7.1812,-10.0022,-7.0351,-10.0266
-7.2055,-42.4237,-7.2785,-42.5454
-7.2055,-42.8131,-7.0838,-42.8861
7.2527,-14.2131,6.3764,-20.7607
7.2527,-14.2131,9.6867,-13.8967
-7.2542,41.8185,-6.9134,41.9158
7.2770,-27.9898,7.0580,-26.2373
7.2770,-27.9898,7.4474,-27.9655
-7.2785,-42.5454,-7.2785,-42.6914
-7.2785,-42.6914,-7.2055,-42.8131
-7.3029,41.9158,-7.2542,41.8185
-7.3272,32.4961,-1.7776,32.0823
-7.3515,-10.0022,-7.1812,-10.0022
7.3744,-11.0002,10.3683,-11.4140
7.3987,-14.3348,9.7111,-14.0428
7.3987,-30.8620,7.1067,-28.4766
-7.4002,-49.3850,-7.4246,-49.2390
-7.4246,-49.2390,-7.5219,-49.1416
-7.4246,-49.5311,-7.4002,-49.3850
7.4474,-27.9655,7.5204,-28.4766
-7.4976,-24.6552,-6.7430,-25.0446
7.5204,-28.4766,7.2527,-28.5010
7.5204,-9.8562,7.3744,-11.0002
-7.5219,-24.6795,-6.7430,-25.0690
-7.5219,-26.7484,-6.6943,-27.0892
-7.5219,-49.1416,-7.6680,-49.0929
-7.5219,-49.6284,-7.4246,-49.5311
-7.5219,-9.9779,-7.3515,-10.0022
7.5448,-30.7403,7.2527,-28.5010
-7.5463,-23.0730,-4.2116,-23.4381
7.5691,-32.6388,7.5691,-32.7849
7.5691,-32.7849,7.6422,-32.9066
-7.5706,26.3136,-7.5949,26.4353
7.5935,32.9829,5.5976,33.1290
-7.5949,26.1919,-7.5706,26.3136
-7.5949,26.4353,-7.6923,26.5327
-7.5949,32.5935,-7.3272,32.5204
7.6178,-9.3937,7.8856,-9.3451
-7.6193,-7.4222,-6.7187,-7.5439
-7.6193,-7.4465,-6.7187,-7.5439
7.6422,-32.5171,7.5691,-32.6388
7.6422,-32.9066,7.7639,-32.9796
-7.6436,46.8083,-6.4996,42.5244
-7.6680,-49.0929,-7.7897,-49.1173
-7.6680,-49.6771,-7.5219,-49.6284
-7.6923,26.0946,-7.5949,26.1919
-7.6923,26.5327,-7.8140,26.5570
-7.6923,-4.9151,-8.3008,-0.3634
-7.6923,-4.9881,-6.0615,-4.8421
-7.6923,-5.0368,-7.6923,-4.9151
-7.6923,-5.0368,-9.3231,-5.1828
-7.7410,-9.4668,-8.3252,-9.4668
-7.7410,-9.4911,-8.3252,-9.4911
-7.7410,-9.6615,-7.7166,-9.2720
-7.7410,-9.6615,-8.1791,-9.6858
7.7639,30.6462,5.4272,30.8410
7.7639,-32.4441,7.6422,-32.5171
7.7639,-32.9796,7.8856,-33.0039
7.7639,35.2466,5.7679,35.3926
7.7639,35.2466,7.5935,32.9829
7.7882,-24.8986,7.7152,-24.3144
7.7882,28.1148,7.7639,27.9688
7.7882,28.1148,7.9099,28.1148
7.7882,-6.9840,7.2284,-11.1219
-7.7897,-49.1173,-7.9114,-49.1903
-7.7897,-49.6528,-7.6680,-49.6771
7.8125,-24.8742,7.7395,-24.2901
7.8125,-24.9473,7.9342,-24.9229
-7.8140,-22.4158,-7.8383,-22.6106
-7.8140,26.0702,-7.6923,26.0946
-7.8140,26.5570,-7.9357,26.5327
-7.8140,-4.9394,-8.4225,-0.3634
-7.8627,32.7152,-7.5949,32.5935
7.8856,27.9688,8.9322,27.8714
7.8856,-32.4198,7.7639,-32.4441
7.8856,-33.0039,8.0316,-32.9552
7.8856,35.2222,7.7152,32.9829
7.8856,-9.3451,7.9099,-9.4424
7.9099,-24.8742,7.7882,-24.8986
7.9099,28.1148,7.8856,27.9688
7.9099,29.9160,8.0316,29.9160
7.9099,-9.4424,10.0275,-9.1503
-7.9114,-30.1318,-8.5199,-30.2048
-7.9114,-49.1903,-7.9844,-49.3120
-7.9114,-49.5797,-7.7897,-49.6528
7.9342,-25.8478,7.9342,-25.9939
7.9342,-25.9939,6.9119,-26.1156
7.9342,32.8369,7.7639,30.6462
7.9342,-5.8887,8.1046,-4.6474
7.9342,-7.0814,7.6178,-9.3937
7.9342,-9.7102,7.9586,-9.8075
-7.9357,-22.4158,-7.8140,-22.4158
-7.9357,-22.4158,-7.9600,-22.5862
-7.9357,26.0946,-7.8140,26.0702
-7.9357,26.5327,-8.0331,26.4353
-7.9357,-30.0101,-7.9114,-30.1318
-7.9357,-30.0101,-9.2501,-30.1804
7.9586,30.3055,7.9099,29.9160
7.9586,-9.8075,7.5204,-9.8562
7.9829,-30.8620,23.9989,-28.7687
7.9829,32.9586,7.7152,32.9829
7.9829,32.9586,8.1533,35.1979
-7.9844,-49.3120,-7.9844,-49.4580
-7.9844,-49.4580,-7.9114,-49.5797
8.0073,-31.0324,24.1936,-28.9391
8.0073,-31.2758,7.9586,-30.8620
-8.0087,-26.4077,-6.9378,-26.8945
8.0316,-25.8235,7.9342,-25.8478
8.0316,-25.8235,8.0559,-25.9695
8.0316,-30.6916,7.5448,-30.7403
8.0316,-32.4684,7.8856,-32.4198
8.0316,-32.9552,8.1290,-32.8579
8.0316,42.5487,8.0559,42.8408
-8.0331,26.1919,-7.9357,26.0946
-8.0331,26.4353,-8.0574,26.3136
8.0559,-30.8376,8.0316,-30.6916
8.0559,42.8408,8.6888,42.7921
-8.0574,26.3136,-8.0331,26.1919
-8.0574,46.6866,-7.6436,46.8083
8.1046,35.3439,5.7679,35.5143
8.1046,42.5487,8.6644,42.5000
-8.1061,32.8856,-7.8627,32.7152
8.1290,-32.5658,8.0316,-32.4684
8.1290,-32.8579,8.1533,-32.7118
8.1290,42.7434,8.1046,42.5487
8.1533,-32.7118,8.1290,-32.5658
8.1533,35.1979,7.8856,35.2222
-8.1548,47.1003,-8.0574,46.6866
-8.1548,-9.9779,-7.5219,-9.9779
-8.1791,-9.6858,-8.1548,-9.4668
-8.1791,-9.6858,-8.7146,-9.8805
8.2020,-5.0125,8.2507,-4.6717
8.2020,-5.0125,8.4941,-4.9881
-8.2278,-24.2170,-7.4976,-24.6552
8.2507,-4.6717,8.1046,-4.6474
-8.2521,-24.2414,-7.5219,-24.6795
-8.2521,33.4210,-8.0818,33.0559
-8.2765,-22.7079,-8.2765,-22.8296
-8.2765,-22.8296,-8.5929,-22.8053
-8.2765,33.1290,-8.1061,32.8856
-8.2765,33.4210,-8.7876,35.2953
8.3237,38.0701,5.9870,38.2404
8.3237,38.0701,8.1046,35.3439
8.3237,38.1431,6.0113,38.3135
-8.3252,-10.0022,-8.1548,-9.9779
-8.3252,-26.3590,-7.5219,-26.7484
-8.3252,-9.4668,-8.9093,-9.5398
-8.3252,-9.4911,-8.9093,-9.5641
8.3724,-3.7711,8.2263,-3.7468
8.3724,-3.7711,8.5184,-2.6758
8.3724,38.5812,6.0600,38.7516
8.3724,38.5812,8.3237,38.1431
8.3724,38.6786,6.0600,38.8490
-8.3738,33.3967,-8.2765,33.1290
-8.3982,33.3967,-8.9093,35.2709
-8.3982,-7.8359,-9.1771,-7.9333
-8.4225,-0.3634,-9.0310,-0.4121
-8.4225,-22.3428,-8.4469,-22.5376
-8.4225,-7.0327,-8.3982,-7.8116
-8.4225,-7.0571,-9.1040,-7.1788
-8.4225,-7.4222,-7.6193,-7.4222
-8.4225,-7.4465,-7.6193,-7.4465
8.4454,-2.1403,8.2263,-3.7468
-8.4469,-22.5376,-7.9600,-22.5862
-8.4712,-10.0022,-8.3252,-10.0022
8.4941,40.2607,8.3724,38.6786
8.4941,40.4067,6.1574,40.5771
8.4941,-5.1828,11.1472,-4.8177
8.4941,-5.1828,8.5914,-5.8157
8.5184,-2.6758,8.9079,-2.6271
-8.5199,-30.2048,-8.4469,-34.0506
-8.5686,-34.0506,-8.6416,-30.5212
8.5914,-5.8157,7.9342,-5.8887
-8.5929,-22.8053,-8.5929,-22.9513
-8.5929,-22.9513,-7.5463,-23.0730
8.6401,42.3783,6.3034,42.5730
8.6401,42.3783,8.4941,40.4067
-8.6416,-10.0266,-8.4712,-10.0022
-8.6416,-22.6593,-8.2765,-22.7079
-8.6416,-30.5212,-8.9823,-30.5699
8.6644,42.7191,8.1290,42.7434
8.6644,42.7191,8.6644,42.5000
8.6888,-0.9233,9.1756,-0.9720
8.6888,-6.8623,7.7882,-6.9840
8.6888,-6.8623,8.6888,-6.9840
8.6888,-6.9840,7.9342,-7.0814
-8.7146,-10.0266,-9.2501,-10.0753
-8.7146,39.0680,-8.9580,38.9707
-8.7146,-9.8805,-8.6416,-10.0266
-8.7146,-9.8805,-9.5178,-9.9536
8.7375,-41.5961,8.7375,-41.7421
8.7375,-41.7421,8.8105,-41.8638
8.7375,43.5710,8.6888,42.7921
-8.7389,39.1897,-8.9823,39.0924
8.7618,-2.1890,8.4454,-2.1403
8.7618,-25.8722,8.0559,-25.9695
8.7618,-25.8722,8.7861,-25.9939
-8.7633,-7.4708,-8.7876,-7.3248
8.7861,-25.9939,7.0580,-26.2373
-8.7876,-22.2941,-8.4225,-22.3428
-8.7876,-7.3248,-8.8850,-7.2274
-8.7876,-7.6169,-8.7633,-7.4708
-8.7876,-9.5154,-8.7146,-9.8805
8.8105,-2.1890,8.9565,-1.0450
8.8105,-41.4744,8.7375,-41.5961
8.8105,-41.8638,8.9322,-41.9369
8.8592,1.0240,8.5914,-0.9963
-8.8850,-7.2274,-9.0310,-7.1788
-8.8850,-7.7142,-8.7876,-7.6169
8.9079,-2.5297,14.5305,-1.7995
-8.9093,35.2709,-8.7876,35.2953
-8.9093,-9.5398,-9.4935,-9.6615
-8.9093,-9.5641,-9.4692,-9.6858
8.9322,0.8779,8.6888,-0.9233
8.9322,27.7254,8.8105,27.7254
8.9322,-41.4014,8.8105,-41.4744
8.9322,-41.9369,9.0539,-41.9612
-8.9337,-23.7302,-8.2278,-24.2170
-8.9337,-23.7546,-8.2521,-24.2414
8.9565,3.5554,9.0296,3.4580
8.9565,3.7014,8.9565,3.5554
-8.9580,38.9707,-9.1771,38.8003
-8.9823,39.0924,-9.2014,38.9463
-9.0067,-30.2778,-8.9823,-30.5699
-9.0067,41.3317,-9.3231,41.2587
9.0296,3.4580,9.1269,3.3850
9.0296,3.7988,8.9565,3.7014
-9.0310,-0.2904,-6.9621,-0.0957
-9.0310,-0.2904,-9.0310,-0.4121
-9.0310,-25.8235,-8.0087,-26.4077
-9.0310,36.1715,-9.3718,37.4372
-9.0310,41.4534,-9.0067,41.3317
-9.0310,-7.1788,-9.1527,-7.2031
-9.0310,-7.7629,-8.8850,-7.7142
9.0539,-41.3770,8.9322,-41.4014
9.0539,-41.9612,9.1999,-41.9125
9.0782,43.5223,25.2646,42.3053
9.0782,43.5223,8.0316,29.9160
9.1026,-1.0693,8.5914,-0.9963
9.1026,-1.0693,9.2486,-2.2377
9.1026,29.8917,12.1208,29.6726
-9.1040,-25.8722,-9.1284,-25.7261
-9.1040,-25.8965,-8.3252,-26.3590
-9.1040,-7.1788,-9.7612,-7.3491
9.1269,3.3850,9.2486,3.3606
9.1269,3.8718,9.0296,3.7988
-9.1284,-25.7261,-9.2258,-25.6288
-9.1284,-26.0182,-9.1040,-25.8722
-9.1284,36.1472,-8.8850,35.2709
-9.1527,36.1472,-8.9093,35.2709
-9.1527,36.1472,-9.0310,36.1715
-9.1527,36.1472,-9.5665,37.7293
-9.1527,-7.2031,-9.2744,-7.2761
-9.1527,-7.7386,-9.0310,-7.7629
9.1756,-0.9720,9.2243,-1.2640
-9.1771,38.8003,-9.3475,38.5812
-9.1771,-7.9333,-9.9316,-8.1037
9.1999,-2.2377,8.4454,-2.1403
9.1999,-41.4257,9.0539,-41.3770
9.1999,-41.9125,9.2973,-41.8152
-9.2014,38.9463,-9.3961,38.7516
9.2243,-1.2640,11.8287,-0.9233
9.2243,-1.3614,11.7557,-1.0206
9.2243,30.0377,11.9504,29.8430
-9.2258,-25.6288,-9.3718,-25.5801
-9.2258,-26.1156,-9.1284,-26.0182
-9.2258,-30.3021,-9.0067,-30.2778
9.2486,3.3606,9.3703,3.4093
9.2486,3.8961,9.1269,3.8718
-9.2501,-10.0753,-9.7126,-10.1239
-9.2501,-30.1804,-10.1507,-30.3021
-9.2501,-30.1804,-9.2258,-30.3021
-9.2501,-30.2048,-10.1263,-30.3021
-9.2744,41.3804,-9.0310,41.4534
-9.2744,41.4290,-9.6882,41.3073
-9.2744,-7.2761,-9.3475,-7.3978
-9.2744,-7.6656,-9.1527,-7.7386
9.2973,-41.5231,9.1999,-41.4257
9.2973,-41.8152,9.3216,-41.6691
9.3216,-41.6691,9.2973,-41.5231
-9.3231,-5.0611,-7.8140,-4.9394
-9.3231,-5.0611,-9.3231,-5.1828
-9.3231,-5.1342,-10.9539,-5.2802
9.3460,-2.2133,11.8530,-1.8969
9.3460,-2.2133,9.2243,-1.3614
-9.3475,38.5812,-9.4692,38.3135
-9.3475,41.3560,-9.3231,41.2587
-9.3475,-7.3978,-9.3475,-7.5439
-9.3475,-7.5439,-9.2744,-7.6656
9.3703,3.4093,9.4677,3.5067
9.3703,3.8474,9.2486,3.8961
-9.3718,-25.5801,-9.4935,-25.6044
-9.3718,-26.1643,-9.2258,-26.1156
-9.3718,37.4372,-5.2339,37.1451
9.3947,4.0178,9.5164,4.0178
-9.3961,38.7516,-9.5178,38.5082
-9.4205,37.5832,-4.3820,37.1938
9.4677,3.5067,9.4920,3.6284
9.4677,3.7501,9.3703,3.8474
-9.4692,37.7780,-9.4205,37.5832
-9.4692,38.3135,-9.4935,38.0457
-9.4692,-9.6858,-10.0290,-9.8805
9.4920,3.6284,9.4677,3.7501
9.4920,5.4296,9.3947,4.0178
9.4920,5.4296,9.6381,7.4985
-9.4935,-25.6044,-9.6152,-25.6775
-9.4935,-26.1399,-9.3718,-26.1643
-9.4935,38.0457,-9.4448,37.7536
-9.4935,-9.6615,-10.0533,-9.8562
-9.5178,38.5082,-9.5909,38.2648
-9.5178,-9.9536,-10.2967,-10.0266
9.5407,11.0035,9.5650,10.8818
9.5650,10.8818,9.6624,10.7845
9.5650,11.1252,9.5407,11.0035
9.5650,4.0178,11.9504,4.2369
9.5650,-6.7406,9.5894,-6.8623
-9.5665,-23.1947,-8.9337,-23.7302
-9.5665,41.1856,-9.6152,41.3073
9.5894,-6.8623,9.7354,-6.8380
-9.5909,-23.2191,-8.9337,-23.7546
-9.5909,38.2648,-9.6152,37.9970
-9.6152,-25.6775,-9.6882,-25.7992
-9.6152,-26.0669,-9.4935,-26.1399
-9.6152,37.9970,-9.5665,37.7293
-9.6152,41.3073,-9.3475,41.3560
9.6381,5.4296,9.4920,5.4296
9.6381,5.4296,9.5164,4.0178
9.6381,5.4296,9.7841,7.3525
9.6624,10.7845,9.7841,10.7601
9.6624,11.2226,9.5650,11.1252
9.6867,-13.9454,10.7334,-13.8237
-9.6882,-25.7992,-9.6882,-25.9452
-9.6882,-25.9452,-9.6152,-26.0669
-9.6882,41.2830,-10.1263,41.1613
9.7111,-13.9697,10.7334,-13.8480
9.7111,-14.0428,9.6867,-13.8967
-9.7126,-10.1239,-10.1994,-10.1726
9.7354,-6.8380,10.0275,-9.1503
-9.7369,-34.0749,-11.6841,-34.0992
-9.7369,-34.0749,-6.2806,-34.0262
-9.7369,-34.2696,-9.7369,-34.0749
9.7598,36.9504,9.2243,30.0377
9.7598,36.9504,9.9301,36.9261
9.7598,37.0964,9.9301,37.0721
-9.7612,-34.5130,-11.6841,-34.5374
-9.7612,-34.5130,-9.7612,-34.3183
-9.7612,-7.3491,-10.3941,-7.5682
9.7841,10.7601,9.9058,10.7845
9.7841,11.2469,9.6624,11.2226
-9.7856,-20.7364,-9.8099,-20.5903
-9.8099,-20.5903,-9.9073,-20.4930
-9.8099,-20.8824,-9.7856,-20.7364
9.8328,-48.5818,14.4818,-49.5311
9.8571,38.2891,10.0275,38.2891
9.8571,38.2891,9.7598,37.0964
9.8571,38.4108,10.0519,38.4108
9.8815,-6.8623,10.1979,-9.1260
9.8815,-6.8623,10.3196,-6.8136
9.9058,10.7845,10.0032,10.8818
9.9058,11.2226,9.7841,11.2469
-9.9073,-20.4930,-10.0533,-20.4443
-9.9073,-20.9798,-9.8099,-20.8824
9.9301,36.9261,9.9301,37.0721
-9.9316,-8.1037,-10.6862,-8.3228
9.9545,-25.7261,9.9788,-25.8478
9.9788,-25.8478,10.1005,-25.8235
9.9788,-47.8272,9.8328,-48.5818
5.4273,28.2838,4.8317,28.3350
4.8331,28.3343,4.7836,27.7003
11.9039,3.5884,12.0223,3.5938
14.4558,23.9984,14.4969,23.4908
14.4969,23.4953,14.5106,22.8277
14.5106,22.8277,14.4878,22.1783
26.2252,0.2282,26.1585,0.0351
25.9970,-0.4459,25.6213,-1.6081
14.4892,22.1744,14.4285,21.6825
14.4285,21.6825,14.2800,20.9254
14.2625,20.8476,14.4856,20.8006
15.1154,21.2739,14.5996,21.2273
14.4867,20.8006,14.5865,21.2293
15.0152,1.8023,14.5809,1.9591
14.5809,1.9591,14.1629,1.9035
14.1629,1.9035,14.1890,1.6978
14.1889,1.6925,13.3173,1.5961
10.7601,1.2621,11.8003,1.3904
11.8242,1.3775,11.8636,1.1093
13.2918,1.5945,13.3352,1.3105
10.7568,1.2563,10.7761,1.0683
4.7851,27.6961,4.7686,27.4819
8.8614,1.0333,9.5575,1.1344
9.5659,1.1344,9.5940,0.9323
9.7266,3.4169,9.6684,4.0192
9.7283,3.4076,11.9023,3.5874
10.5397,27.0466,3.8097,27.5341
3.8097,27.5341,3.8319,27.7188
3.8319,27.7188,4.7775,27.6523
10.9278,24.9480,10.5566,24.9798
10.0154,25.0340,5.0675,25.4275
4.5261,25.4666,-0.3554,25.8245
-0.9688,25.9011,-3.5757,26.1184
-3.5757,26.1184,-3.6012,25.7733
10.7730,24.9274,9.7154,11.3482
9.5802,1.0670,9.6037,0.9196
9.6037,0.9196,9.0504,0.8513
9.0504,0.8513,9.2811,-0.6719
9.2811,-0.6719,11.3555,-0.4113
11.3555,-0.4113,11.1782,1.0798
11.1782,1.0798,10.6377,1.0222
10.6377,1.0222,10.6185,1.1931
11.7381,1.3282,12.1434,-1.4956
12.1434,-1.4956,13.9539,-1.2730
13.9539,-1.2730,13.5519,1.4013
13.5519,1.4013,13.1068,1.3415
13.1068,1.3415,13.0769,1.5142
12.1471,7.1068,12.2729,7.0960
12.1396,7.1146,11.9508,4.2346
12.2713,7.0970,12.0299,3.5980
